4224.0, 9058, 
4224.002, 9043, 
4224.004, 9028, 
4224.006, 9013, 
4224.008, 8998, 
4224.01, 8982, 
4224.012, 8966, 
4224.014, 8949, 
4224.016, 8932, 
4224.018, 8916, 
4224.02, 8898, 
4224.022, 8878, 
4224.024, 8858, 
4224.026, 8836, 
4224.028, 8813, 
4224.03, 8788, 
4224.032, 8762, 
4224.034, 8735, 
4224.036, 8706, 
4224.038, 8677, 
4224.04, 8645, 
4224.042, 8613, 
4224.044, 8576, 
4224.046, 8539, 
4224.048, 8498, 
4224.05, 8454, 
4224.052, 8407, 
4224.054, 8357, 
4224.056, 8306, 
4224.058, 8253, 
4224.06, 8198, 
4224.062, 8143, 
4224.064, 8084, 
4224.066, 8022, 
4224.068, 7958, 
4224.07, 7891, 
4224.072, 7820, 
4224.074, 7743, 
4224.076, 7663, 
4224.078, 7576, 
4224.08, 7483, 
4224.082, 7383, 
4224.084, 7281, 
4224.086, 7178, 
4224.088, 7066, 
4224.09, 6948, 
4224.092, 6824, 
4224.094, 6695, 
4224.096, 6564, 
4224.098, 6429, 
4224.1, 6282, 
4224.102, 6122, 
4224.104, 5961, 
4224.106, 5789, 
4224.108, 5615, 
4224.11, 5448, 
4224.112, 5275, 
4224.114, 5099, 
4224.116, 4914, 
4224.118, 4726, 
4224.12, 4542, 
4224.122, 4354, 
4224.124, 4164, 
4224.126, 3973, 
4224.128, 3786, 
4224.13, 3597, 
4224.132, 3403, 
4224.134, 3210, 
4224.136, 3024, 
4224.138, 2843, 
4224.14, 2665, 
4224.142, 2491, 
4224.144, 2329, 
4224.146, 2166, 
4224.148, 2010, 
4224.15, 1870, 
4224.152, 1741, 
4224.154, 1624, 
4224.156, 1519, 
4224.158, 1422, 
4224.16, 1336, 
4224.162, 1264, 
4224.164, 1204, 
4224.166, 1155, 
4224.168, 1114, 
4224.17, 1081, 
4224.172, 1054, 
4224.174, 1035, 
4224.176, 1024, 
4224.178, 1020, 
4224.18, 1024, 
4224.182, 1036, 
4224.184, 1058, 
4224.186, 1089, 
4224.188, 1127, 
4224.19, 1179, 
4224.192, 1253, 
4224.194, 1342, 
4224.196, 1450, 
4224.198, 1575, 
4224.2, 1724, 
4224.202, 1904, 
4224.204, 2100, 
4224.206, 2303, 
4224.208, 2522, 
4224.21, 2756, 
4224.212, 3006, 
4224.214, 3262, 
4224.216, 3517, 
4224.218, 3766, 
4224.22, 4002, 
4224.222, 4232, 
4224.224, 4458, 
4224.226, 4665, 
4224.228, 4852, 
4224.23, 5032, 
4224.232, 5197, 
4224.234, 5341, 
4224.236, 5463, 
4224.238, 5576, 
4224.24, 5678, 
4224.242, 5769, 
4224.244, 5843, 
4224.246, 5895, 
4224.248, 5940, 
4224.25, 5973, 
4224.252, 5997, 
4224.254, 6010, 
4224.256, 6013, 
4224.258, 6007, 
4224.26, 5993, 
4224.262, 5972, 
4224.264, 5945, 
4224.266, 5913, 
4224.268, 5876, 
4224.27, 5837, 
4224.272, 5797, 
4224.274, 5755, 
4224.276, 5713, 
4224.278, 5671, 
4224.28, 5631, 
4224.282, 5598, 
4224.284, 5573, 
4224.286, 5555, 
4224.288, 5547, 
4224.29, 5548, 
4224.292, 5562, 
4224.294, 5591, 
4224.296, 5633, 
4224.298, 5686, 
4224.3, 5752, 
4224.302, 5832, 
4224.304, 5924, 
4224.306, 6028, 
4224.308, 6144, 
4224.31, 6271, 
4224.312, 6408, 
4224.314, 6546, 
4224.316, 6685, 
4224.318, 6820, 
4224.32, 6956, 
4224.322, 7092, 
4224.324, 7228, 
4224.326, 7361, 
4224.328, 7490, 
4224.33, 7614, 
4224.332, 7730, 
4224.334, 7839, 
4224.336, 7940, 
4224.338, 8033, 
4224.34, 8121, 
4224.342, 8202, 
4224.344, 8278, 
4224.346, 8349, 
4224.348, 8412, 
4224.35, 8465, 
4224.352, 8514, 
4224.354, 8559, 
4224.356, 8598, 
4224.358, 8634, 
4224.36, 8664, 
4224.362, 8688, 
4224.364, 8710, 
4224.366, 8728, 
4224.368, 8744, 
4224.37, 8754, 
4224.372, 8762, 
4224.374, 8765, 
4224.376, 8764, 
4224.378, 8759, 
4224.38, 8750, 
4224.382, 8736, 
4224.384, 8717, 
4224.386, 8695, 
4224.388, 8669, 
4224.39, 8636, 
4224.392, 8593, 
4224.394, 8543, 
4224.396, 8490, 
4224.398, 8424, 
4224.4, 8350, 
4224.402, 8265, 
4224.404, 8173, 
4224.406, 8075, 
4224.408, 7966, 
4224.41, 7849, 
4224.412, 7721, 
4224.414, 7583, 
4224.416, 7444, 
4224.418, 7305, 
4224.42, 7165, 
4224.422, 7007, 
4224.424, 6850, 
4224.426, 6693, 
4224.428, 6528, 
4224.43, 6367, 
4224.432, 6200, 
4224.434, 6044, 
4224.436, 5900, 
4224.438, 5762, 
4224.44, 5622, 
4224.442, 5488, 
4224.444, 5359, 
4224.446, 5240, 
4224.448, 5126, 
4224.45, 5015, 
4224.452, 4910, 
4224.454, 4802, 
4224.456, 4698, 
4224.458, 4593, 
4224.46, 4486, 
4224.462, 4381, 
4224.464, 4275, 
4224.466, 4165, 
4224.468, 4052, 
4224.47, 3931, 
4224.472, 3808, 
4224.474, 3681, 
4224.476, 3550, 
4224.478, 3414, 
4224.48, 3275, 
4224.482, 3127, 
4224.484, 2985, 
4224.486, 2842, 
4224.488, 2701, 
4224.49, 2562, 
4224.492, 2425, 
4224.494, 2295, 
4224.496, 2169, 
4224.498, 2052, 
4224.5, 1941, 
4224.502, 1841, 
4224.504, 1751, 
4224.506, 1671, 
4224.508, 1606, 
4224.51, 1559, 
4224.512, 1521, 
4224.514, 1495, 
4224.516, 1483, 
4224.518, 1485, 
4224.52, 1503, 
4224.522, 1537, 
4224.524, 1581, 
4224.526, 1657, 
4224.528, 1761, 
4224.53, 1881, 
4224.532, 2024, 
4224.534, 2199, 
4224.536, 2418, 
4224.538, 2657, 
4224.54, 2900, 
4224.542, 3162, 
4224.544, 3450, 
4224.546, 3754, 
4224.548, 4055, 
4224.55, 4347, 
4224.552, 4642, 
4224.554, 4939, 
4224.556, 5229, 
4224.558, 5499, 
4224.56, 5757, 
4224.562, 6002, 
4224.564, 6225, 
4224.566, 6435, 
4224.568, 6631, 
4224.57, 6814, 
4224.572, 6983, 
4224.574, 7126, 
4224.576, 7257, 
4224.578, 7378, 
4224.58, 7492, 
4224.582, 7594, 
4224.584, 7686, 
4224.586, 7767, 
4224.588, 7839, 
4224.59, 7901, 
4224.592, 7955, 
4224.594, 7996, 
4224.596, 8028, 
4224.598, 8054, 
4224.6, 8079, 
4224.602, 8099, 
4224.604, 8117, 
4224.606, 8133, 
4224.608, 8147, 
4224.61, 8160, 
4224.612, 8171, 
4224.614, 8185, 
4224.616, 8196, 
4224.618, 8212, 
4224.62, 8228, 
4224.622, 8243, 
4224.624, 8263, 
4224.626, 8288, 
4224.628, 8315, 
4224.63, 8347, 
4224.632, 8382, 
4224.634, 8422, 
4224.636, 8464, 
4224.638, 8509, 
4224.64, 8557, 
4224.642, 8608, 
4224.644, 8659, 
4224.646, 8710, 
4224.648, 8757, 
4224.65, 8804, 
4224.652, 8853, 
4224.654, 8898, 
4224.656, 8942, 
4224.658, 8983, 
4224.66, 9019, 
4224.662, 9051, 
4224.664, 9080, 
4224.666, 9108, 
4224.668, 9133, 
4224.67, 9156, 
4224.672, 9177, 
4224.674, 9195, 
4224.676, 9210, 
4224.678, 9224, 
4224.68, 9238, 
4224.682, 9250, 
4224.684, 9263, 
4224.686, 9274, 
4224.688, 9283, 
4224.69, 9290, 
4224.692, 9296, 
4224.694, 9301, 
4224.696, 9305, 
4224.698, 9309, 
4224.7, 9311, 
4224.702, 9313, 
4224.704, 9314, 
4224.706, 9314, 
4224.708, 9313, 
4224.71, 9311, 
4224.712, 9308, 
4224.714, 9304, 
4224.716, 9299, 
4224.718, 9293, 
4224.72, 9286, 
4224.722, 9277, 
4224.724, 9268, 
4224.726, 9255, 
4224.728, 9241, 
4224.73, 9226, 
4224.732, 9210, 
4224.734, 9191, 
4224.736, 9170, 
4224.738, 9145, 
4224.74, 9120, 
4224.742, 9090, 
4224.744, 9054, 
4224.746, 9014, 
4224.748, 8966, 
4224.75, 8917, 
4224.752, 8866, 
4224.754, 8811, 
4224.756, 8755, 
4224.758, 8688, 
4224.76, 8616, 
4224.762, 8539, 
4224.764, 8456, 
4224.766, 8368, 
4224.768, 8275, 
4224.77, 8177, 
4224.772, 8070, 
4224.774, 7957, 
4224.776, 7840, 
4224.778, 7719, 
4224.78, 7595, 
4224.782, 7461, 
4224.784, 7322, 
4224.786, 7177, 
4224.788, 7018, 
4224.79, 6850, 
4224.792, 6688, 
4224.794, 6525, 
4224.796, 6352, 
4224.798, 6168, 
4224.8, 5978, 
4224.802, 5789, 
4224.804, 5597, 
4224.806, 5413, 
4224.808, 5218, 
4224.81, 5031, 
4224.812, 4841, 
4224.814, 4661, 
4224.816, 4477, 
4224.818, 4303, 
4224.82, 4134, 
4224.822, 3973, 
4224.824, 3823, 
4224.826, 3674, 
4224.828, 3539, 
4224.83, 3410, 
4224.832, 3290, 
4224.834, 3177, 
4224.836, 3073, 
4224.838, 2981, 
4224.84, 2898, 
4224.842, 2825, 
4224.844, 2762, 
4224.846, 2714, 
4224.848, 2669, 
4224.85, 2636, 
4224.852, 2609, 
4224.854, 2592, 
4224.856, 2584, 
4224.858, 2587, 
4224.86, 2599, 
4224.862, 2622, 
4224.864, 2654, 
4224.866, 2698, 
4224.868, 2748, 
4224.87, 2814, 
4224.872, 2894, 
4224.874, 2986, 
4224.876, 3089, 
4224.878, 3207, 
4224.88, 3337, 
4224.882, 3476, 
4224.884, 3629, 
4224.886, 3793, 
4224.888, 3965, 
4224.89, 4149, 
4224.892, 4341, 
4224.894, 4535, 
4224.896, 4738, 
4224.898, 4943, 
4224.9, 5156, 
4224.902, 5365, 
4224.904, 5571, 
4224.906, 5778, 
4224.908, 5986, 
4224.91, 6191, 
4224.912, 6382, 
4224.914, 6564, 
4224.916, 6753, 
4224.918, 6939, 
4224.92, 7101, 
4224.922, 7250, 
4224.924, 7399, 
4224.926, 7541, 
4224.928, 7672, 
4224.93, 7797, 
4224.932, 7912, 
4224.934, 8022, 
4224.936, 8125, 
4224.938, 8218, 
4224.94, 8306, 
4224.942, 8391, 
4224.944, 8470, 
4224.946, 8539, 
4224.948, 8601, 
4224.95, 8661, 
4224.952, 8718, 
4224.954, 8773, 
4224.956, 8821, 
4224.958, 8868, 
4224.96, 8910, 
4224.962, 8948, 
4224.964, 8982, 
4224.966, 9012, 
4224.968, 9040, 
4224.97, 9067, 
4224.972, 9091, 
4224.974, 9111, 
4224.976, 9131, 
4224.978, 9149, 
4224.98, 9163, 
4224.982, 9175, 
4224.984, 9188, 
4224.986, 9199, 
4224.988, 9209, 
4224.99, 9217, 
4224.992, 9225, 
4224.994, 9231, 
4224.996, 9236, 
4224.998, 9241, 
4225.0, 9243, 
4225.002, 9247, 
4225.004, 9247, 
4225.006, 9248, 
4225.008, 9248, 
4225.01, 9248, 
4225.012, 9247, 
4225.014, 9244, 
4225.016, 9241, 
4225.018, 9239, 
4225.02, 9236, 
4225.022, 9233, 
4225.024, 9230, 
4225.026, 9225, 
4225.028, 9221, 
4225.03, 9217, 
4225.032, 9213, 
4225.034, 9208, 
4225.036, 9204, 
4225.038, 9199, 
4225.04, 9193, 
4225.042, 9188, 
4225.044, 9183, 
4225.046, 9176, 
4225.048, 9170, 
4225.05, 9163, 
4225.052, 9156, 
4225.054, 9148, 
4225.056, 9140, 
4225.058, 9131, 
4225.06, 9122, 
4225.062, 9112, 
4225.064, 9102, 
4225.066, 9091, 
4225.068, 9079, 
4225.07, 9067, 
4225.072, 9056, 
4225.074, 9044, 
4225.076, 9030, 
4225.078, 9017, 
4225.08, 9004, 
4225.082, 8990, 
4225.084, 8976, 
4225.086, 8962, 
4225.088, 8949, 
4225.09, 8935, 
4225.092, 8922, 
4225.094, 8911, 
4225.096, 8899, 
4225.098, 8888, 
4225.1, 8877, 
4225.102, 8867, 
4225.104, 8858, 
4225.106, 8848, 
4225.108, 8840, 
4225.11, 8832, 
4225.112, 8825, 
4225.114, 8819, 
4225.116, 8813, 
4225.118, 8807, 
4225.12, 8801, 
4225.122, 8794, 
4225.124, 8787, 
4225.126, 8779, 
4225.128, 8770, 
4225.13, 8761, 
4225.132, 8750, 
4225.134, 8737, 
4225.136, 8724, 
4225.138, 8708, 
4225.14, 8691, 
4225.142, 8671, 
4225.144, 8649, 
4225.146, 8623, 
4225.148, 8595, 
4225.15, 8564, 
4225.152, 8526, 
4225.154, 8480, 
4225.156, 8430, 
4225.158, 8377, 
4225.16, 8318, 
4225.162, 8252, 
4225.164, 8178, 
4225.166, 8101, 
4225.168, 8023, 
4225.17, 7944, 
4225.172, 7862, 
4225.174, 7775, 
4225.176, 7679, 
4225.178, 7576, 
4225.18, 7478, 
4225.182, 7383, 
4225.184, 7293, 
4225.186, 7203, 
4225.188, 7109, 
4225.19, 7020, 
4225.192, 6936, 
4225.194, 6859, 
4225.196, 6785, 
4225.198, 6715, 
4225.2, 6650, 
4225.202, 6592, 
4225.204, 6542, 
4225.206, 6499, 
4225.208, 6462, 
4225.21, 6429, 
4225.212, 6404, 
4225.214, 6386, 
4225.216, 6376, 
4225.218, 6378, 
4225.22, 6393, 
4225.222, 6407, 
4225.224, 6423, 
4225.226, 6441, 
4225.228, 6463, 
4225.23, 6486, 
4225.232, 6515, 
4225.234, 6547, 
4225.236, 6581, 
4225.238, 6618, 
4225.24, 6656, 
4225.242, 6697, 
4225.244, 6737, 
4225.246, 6778, 
4225.248, 6818, 
4225.25, 6858, 
4225.252, 6900, 
4225.254, 6941, 
4225.256, 6982, 
4225.258, 7023, 
4225.26, 7064, 
4225.262, 7105, 
4225.264, 7144, 
4225.266, 7183, 
4225.268, 7222, 
4225.27, 7259, 
4225.272, 7291, 
4225.274, 7317, 
4225.276, 7341, 
4225.278, 7360, 
4225.28, 7376, 
4225.282, 7388, 
4225.284, 7394, 
4225.286, 7390, 
4225.288, 7388, 
4225.29, 7381, 
4225.292, 7368, 
4225.294, 7357, 
4225.296, 7341, 
4225.298, 7322, 
4225.3, 7298, 
4225.302, 7273, 
4225.304, 7245, 
4225.306, 7218, 
4225.308, 7192, 
4225.31, 7166, 
4225.312, 7141, 
4225.314, 7115, 
4225.316, 7092, 
4225.318, 7069, 
4225.32, 7043, 
4225.322, 7022, 
4225.324, 7004, 
4225.326, 6988, 
4225.328, 6972, 
4225.33, 6958, 
4225.332, 6946, 
4225.334, 6937, 
4225.336, 6928, 
4225.338, 6921, 
4225.34, 6912, 
4225.342, 6902, 
4225.344, 6889, 
4225.346, 6877, 
4225.348, 6863, 
4225.35, 6847, 
4225.352, 6825, 
4225.354, 6797, 
4225.356, 6767, 
4225.358, 6733, 
4225.36, 6691, 
4225.362, 6643, 
4225.364, 6590, 
4225.366, 6528, 
4225.368, 6459, 
4225.37, 6383, 
4225.372, 6300, 
4225.374, 6212, 
4225.376, 6116, 
4225.378, 6012, 
4225.38, 5903, 
4225.382, 5787, 
4225.384, 5666, 
4225.386, 5542, 
4225.388, 5410, 
4225.39, 5276, 
4225.392, 5133, 
4225.394, 4981, 
4225.396, 4829, 
4225.398, 4676, 
4225.4, 4512, 
4225.402, 4350, 
4225.404, 4187, 
4225.406, 4024, 
4225.408, 3856, 
4225.41, 3685, 
4225.412, 3514, 
4225.414, 3344, 
4225.416, 3178, 
4225.418, 3006, 
4225.42, 2834, 
4225.422, 2663, 
4225.424, 2500, 
4225.426, 2341, 
4225.428, 2183, 
4225.43, 2034, 
4225.432, 1897, 
4225.434, 1770, 
4225.436, 1652, 
4225.438, 1545, 
4225.44, 1449, 
4225.442, 1364, 
4225.444, 1288, 
4225.446, 1224, 
4225.448, 1173, 
4225.45, 1130, 
4225.452, 1094, 
4225.454, 1066, 
4225.456, 1044, 
4225.458, 1031, 
4225.46, 1026, 
4225.462, 1028, 
4225.464, 1039, 
4225.466, 1059, 
4225.468, 1088, 
4225.47, 1125, 
4225.472, 1174, 
4225.474, 1244, 
4225.476, 1333, 
4225.478, 1436, 
4225.48, 1555, 
4225.482, 1702, 
4225.484, 1874, 
4225.486, 2055, 
4225.488, 2252, 
4225.49, 2471, 
4225.492, 2707, 
4225.494, 2950, 
4225.496, 3188, 
4225.498, 3427, 
4225.5, 3674, 
4225.502, 3918, 
4225.504, 4152, 
4225.506, 4372, 
4225.508, 4585, 
4225.51, 4796, 
4225.512, 4985, 
4225.514, 5161, 
4225.516, 5334, 
4225.518, 5496, 
4225.52, 5647, 
4225.522, 5780, 
4225.524, 5911, 
4225.526, 6033, 
4225.528, 6151, 
4225.53, 6262, 
4225.532, 6364, 
4225.534, 6456, 
4225.536, 6544, 
4225.538, 6627, 
4225.54, 6706, 
4225.542, 6780, 
4225.544, 6848, 
4225.546, 6911, 
4225.548, 6969, 
4225.55, 7021, 
4225.552, 7071, 
4225.554, 7120, 
4225.556, 7166, 
4225.558, 7207, 
4225.56, 7248, 
4225.562, 7285, 
4225.564, 7319, 
4225.566, 7350, 
4225.568, 7382, 
4225.57, 7412, 
4225.572, 7440, 
4225.574, 7467, 
4225.576, 7494, 
4225.578, 7520, 
4225.58, 7545, 
4225.582, 7570, 
4225.584, 7592, 
4225.586, 7615, 
4225.588, 7637, 
4225.59, 7659, 
4225.592, 7680, 
4225.594, 7699, 
4225.596, 7716, 
4225.598, 7733, 
4225.6, 7749, 
4225.602, 7763, 
4225.604, 7776, 
4225.606, 7788, 
4225.608, 7799, 
4225.61, 7806, 
4225.612, 7813, 
4225.614, 7817, 
4225.616, 7818, 
4225.618, 7817, 
4225.62, 7814, 
4225.622, 7808, 
4225.624, 7799, 
4225.626, 7787, 
4225.628, 7772, 
4225.63, 7754, 
4225.632, 7733, 
4225.634, 7709, 
4225.636, 7682, 
4225.638, 7652, 
4225.64, 7616, 
4225.642, 7577, 
4225.644, 7530, 
4225.646, 7479, 
4225.648, 7417, 
4225.65, 7348, 
4225.652, 7272, 
4225.654, 7189, 
4225.656, 7097, 
4225.658, 7001, 
4225.66, 6899, 
4225.662, 6790, 
4225.664, 6674, 
4225.666, 6548, 
4225.668, 6411, 
4225.67, 6267, 
4225.672, 6113, 
4225.674, 5951, 
4225.676, 5789, 
4225.678, 5624, 
4225.68, 5454, 
4225.682, 5280, 
4225.684, 5099, 
4225.686, 4922, 
4225.688, 4751, 
4225.69, 4577, 
4225.692, 4406, 
4225.694, 4243, 
4225.696, 4085, 
4225.698, 3928, 
4225.7, 3788, 
4225.702, 3658, 
4225.704, 3541, 
4225.706, 3441, 
4225.708, 3357, 
4225.71, 3294, 
4225.712, 3252, 
4225.714, 3228, 
4225.716, 3225, 
4225.718, 3242, 
4225.72, 3281, 
4225.722, 3343, 
4225.724, 3433, 
4225.726, 3542, 
4225.728, 3667, 
4225.73, 3808, 
4225.732, 3967, 
4225.734, 4144, 
4225.736, 4336, 
4225.738, 4532, 
4225.74, 4728, 
4225.742, 4921, 
4225.744, 5115, 
4225.746, 5298, 
4225.748, 5477, 
4225.75, 5657, 
4225.752, 5824, 
4225.754, 5973, 
4225.756, 6110, 
4225.758, 6237, 
4225.76, 6359, 
4225.762, 6470, 
4225.764, 6570, 
4225.766, 6665, 
4225.768, 6749, 
4225.77, 6825, 
4225.772, 6891, 
4225.774, 6947, 
4225.776, 6997, 
4225.778, 7045, 
4225.78, 7090, 
4225.782, 7132, 
4225.784, 7169, 
4225.786, 7204, 
4225.788, 7230, 
4225.79, 7256, 
4225.792, 7281, 
4225.794, 7303, 
4225.796, 7324, 
4225.798, 7341, 
4225.8, 7357, 
4225.802, 7374, 
4225.804, 7388, 
4225.806, 7400, 
4225.808, 7411, 
4225.81, 7423, 
4225.812, 7436, 
4225.814, 7445, 
4225.816, 7454, 
4225.818, 7461, 
4225.82, 7467, 
4225.822, 7472, 
4225.824, 7477, 
4225.826, 7480, 
4225.828, 7483, 
4225.83, 7484, 
4225.832, 7485, 
4225.834, 7486, 
4225.836, 7485, 
4225.838, 7485, 
4225.84, 7483, 
4225.842, 7480, 
4225.844, 7476, 
4225.846, 7472, 
4225.848, 7466, 
4225.85, 7459, 
4225.852, 7450, 
4225.854, 7440, 
4225.856, 7428, 
4225.858, 7412, 
4225.86, 7395, 
4225.862, 7377, 
4225.864, 7358, 
4225.866, 7336, 
4225.868, 7312, 
4225.87, 7283, 
4225.872, 7252, 
4225.874, 7217, 
4225.876, 7175, 
4225.878, 7128, 
4225.88, 7074, 
4225.882, 7011, 
4225.884, 6943, 
4225.886, 6867, 
4225.888, 6780, 
4225.89, 6684, 
4225.892, 6582, 
4225.894, 6469, 
4225.896, 6348, 
4225.898, 6217, 
4225.9, 6067, 
4225.902, 5906, 
4225.904, 5744, 
4225.906, 5567, 
4225.908, 5374, 
4225.91, 5182, 
4225.912, 4991, 
4225.914, 4790, 
4225.916, 4584, 
4225.918, 4375, 
4225.92, 4164, 
4225.922, 3956, 
4225.924, 3755, 
4225.926, 3544, 
4225.928, 3332, 
4225.93, 3131, 
4225.932, 2940, 
4225.934, 2756, 
4225.936, 2580, 
4225.938, 2415, 
4225.94, 2260, 
4225.942, 2121, 
4225.944, 1991, 
4225.946, 1874, 
4225.948, 1771, 
4225.95, 1683, 
4225.952, 1607, 
4225.954, 1547, 
4225.956, 1504, 
4225.958, 1471, 
4225.96, 1451, 
4225.962, 1444, 
4225.964, 1452, 
4225.966, 1475, 
4225.968, 1513, 
4225.97, 1564, 
4225.972, 1646, 
4225.974, 1750, 
4225.976, 1874, 
4225.978, 2016, 
4225.98, 2188, 
4225.982, 2379, 
4225.984, 2590, 
4225.986, 2814, 
4225.988, 3042, 
4225.99, 3274, 
4225.992, 3513, 
4225.994, 3751, 
4225.996, 3982, 
4225.998, 4205, 
4226.0, 4422, 
4226.002, 4628, 
4226.004, 4823, 
4226.006, 4999, 
4226.008, 5152, 
4226.01, 5294, 
4226.012, 5425, 
4226.014, 5540, 
4226.016, 5643, 
4226.018, 5735, 
4226.02, 5817, 
4226.022, 5888, 
4226.024, 5950, 
4226.026, 6009, 
4226.028, 6056, 
4226.03, 6102, 
4226.032, 6138, 
4226.034, 6170, 
4226.036, 6197, 
4226.038, 6221, 
4226.04, 6241, 
4226.042, 6258, 
4226.044, 6271, 
4226.046, 6281, 
4226.048, 6288, 
4226.05, 6294, 
4226.052, 6297, 
4226.054, 6297, 
4226.056, 6297, 
4226.058, 6292, 
4226.06, 6289, 
4226.062, 6286, 
4226.064, 6281, 
4226.066, 6277, 
4226.068, 6271, 
4226.07, 6265, 
4226.072, 6258, 
4226.074, 6251, 
4226.076, 6243, 
4226.078, 6236, 
4226.08, 6229, 
4226.082, 6221, 
4226.084, 6213, 
4226.086, 6203, 
4226.088, 6196, 
4226.09, 6189, 
4226.092, 6181, 
4226.094, 6173, 
4226.096, 6165, 
4226.098, 6157, 
4226.1, 6148, 
4226.102, 6139, 
4226.104, 6130, 
4226.106, 6121, 
4226.108, 6111, 
4226.11, 6100, 
4226.112, 6090, 
4226.114, 6079, 
4226.116, 6068, 
4226.118, 6056, 
4226.12, 6044, 
4226.122, 6030, 
4226.124, 6017, 
4226.126, 6003, 
4226.128, 5989, 
4226.13, 5975, 
4226.132, 5960, 
4226.134, 5945, 
4226.136, 5930, 
4226.138, 5914, 
4226.14, 5898, 
4226.142, 5883, 
4226.144, 5868, 
4226.146, 5851, 
4226.148, 5834, 
4226.15, 5817, 
4226.152, 5800, 
4226.154, 5782, 
4226.156, 5765, 
4226.158, 5746, 
4226.16, 5728, 
4226.162, 5710, 
4226.164, 5691, 
4226.166, 5673, 
4226.168, 5653, 
4226.17, 5635, 
4226.172, 5616, 
4226.174, 5597, 
4226.176, 5578, 
4226.178, 5560, 
4226.18, 5540, 
4226.182, 5521, 
4226.184, 5502, 
4226.186, 5482, 
4226.188, 5462, 
4226.19, 5443, 
4226.192, 5424, 
4226.194, 5404, 
4226.196, 5384, 
4226.198, 5365, 
4226.2, 5346, 
4226.202, 5327, 
4226.204, 5307, 
4226.206, 5288, 
4226.208, 5269, 
4226.21, 5249, 
4226.212, 5229, 
4226.214, 5209, 
4226.216, 5188, 
4226.218, 5167, 
4226.22, 5147, 
4226.222, 5126, 
4226.224, 5103, 
4226.226, 5082, 
4226.228, 5063, 
4226.23, 5042, 
4226.232, 5022, 
4226.234, 5001, 
4226.236, 4979, 
4226.238, 4959, 
4226.24, 4938, 
4226.242, 4917, 
4226.244, 4896, 
4226.246, 4874, 
4226.248, 4851, 
4226.25, 4829, 
4226.252, 4807, 
4226.254, 4785, 
4226.256, 4763, 
4226.258, 4740, 
4226.26, 4718, 
4226.262, 4696, 
4226.264, 4674, 
4226.266, 4651, 
4226.268, 4628, 
4226.27, 4604, 
4226.272, 4580, 
4226.274, 4555, 
4226.276, 4530, 
4226.278, 4503, 
4226.28, 4475, 
4226.282, 4447, 
4226.284, 4419, 
4226.286, 4390, 
4226.288, 4360, 
4226.29, 4329, 
4226.292, 4297, 
4226.294, 4265, 
4226.296, 4230, 
4226.298, 4193, 
4226.3, 4155, 
4226.302, 4114, 
4226.304, 4071, 
4226.306, 4026, 
4226.308, 3980, 
4226.31, 3931, 
4226.312, 3882, 
4226.314, 3829, 
4226.316, 3775, 
4226.318, 3718, 
4226.32, 3659, 
4226.322, 3597, 
4226.324, 3537, 
4226.326, 3477, 
4226.328, 3418, 
4226.33, 3358, 
4226.332, 3300, 
4226.334, 3247, 
4226.336, 3198, 
4226.338, 3152, 
4226.34, 3110, 
4226.342, 3074, 
4226.344, 3041, 
4226.346, 3015, 
4226.348, 2989, 
4226.35, 2967, 
4226.352, 2951, 
4226.354, 2934, 
4226.356, 2920, 
4226.358, 2905, 
4226.36, 2892, 
4226.362, 2878, 
4226.364, 2864, 
4226.366, 2849, 
4226.368, 2835, 
4226.37, 2819, 
4226.372, 2803, 
4226.374, 2780, 
4226.376, 2754, 
4226.378, 2727, 
4226.38, 2696, 
4226.382, 2657, 
4226.384, 2613, 
4226.386, 2566, 
4226.388, 2513, 
4226.39, 2456, 
4226.392, 2392, 
4226.394, 2327, 
4226.396, 2255, 
4226.398, 2182, 
4226.4, 2107, 
4226.402, 2029, 
4226.404, 1951, 
4226.406, 1875, 
4226.408, 1801, 
4226.41, 1726, 
4226.412, 1658, 
4226.414, 1595, 
4226.416, 1536, 
4226.418, 1486, 
4226.42, 1440, 
4226.422, 1398, 
4226.424, 1363, 
4226.426, 1333, 
4226.428, 1309, 
4226.43, 1293, 
4226.432, 1283, 
4226.434, 1280, 
4226.436, 1284, 
4226.438, 1294, 
4226.44, 1310, 
4226.442, 1331, 
4226.444, 1358, 
4226.446, 1390, 
4226.448, 1426, 
4226.45, 1466, 
4226.452, 1509, 
4226.454, 1555, 
4226.456, 1601, 
4226.458, 1648, 
4226.46, 1693, 
4226.462, 1737, 
4226.464, 1779, 
4226.466, 1820, 
4226.468, 1857, 
4226.47, 1891, 
4226.472, 1922, 
4226.474, 1948, 
4226.476, 1971, 
4226.478, 1989, 
4226.48, 2003, 
4226.482, 2015, 
4226.484, 2025, 
4226.486, 2031, 
4226.488, 2036, 
4226.49, 2038, 
4226.492, 2039, 
4226.494, 2036, 
4226.496, 2029, 
4226.498, 2025, 
4226.5, 2020, 
4226.502, 2014, 
4226.504, 2007, 
4226.506, 2000, 
4226.508, 1993, 
4226.51, 1985, 
4226.512, 1976, 
4226.514, 1968, 
4226.516, 1959, 
4226.518, 1950, 
4226.52, 1941, 
4226.522, 1932, 
4226.524, 1923, 
4226.526, 1913, 
4226.528, 1903, 
4226.53, 1894, 
4226.532, 1884, 
4226.534, 1876, 
4226.536, 1866, 
4226.538, 1857, 
4226.54, 1848, 
4226.542, 1838, 
4226.544, 1828, 
4226.546, 1818, 
4226.548, 1809, 
4226.55, 1799, 
4226.552, 1789, 
4226.554, 1779, 
4226.556, 1769, 
4226.558, 1758, 
4226.56, 1748, 
4226.562, 1738, 
4226.564, 1727, 
4226.566, 1717, 
4226.568, 1707, 
4226.57, 1697, 
4226.572, 1687, 
4226.574, 1677, 
4226.576, 1666, 
4226.578, 1656, 
4226.58, 1646, 
4226.582, 1637, 
4226.584, 1627, 
4226.586, 1617, 
4226.588, 1607, 
4226.59, 1597, 
4226.592, 1586, 
4226.594, 1575, 
4226.596, 1565, 
4226.598, 1554, 
4226.6, 1543, 
4226.602, 1532, 
4226.604, 1521, 
4226.606, 1509, 
4226.608, 1496, 
4226.61, 1484, 
4226.612, 1471, 
4226.614, 1458, 
4226.616, 1444, 
4226.618, 1431, 
4226.62, 1418, 
4226.622, 1404, 
4226.624, 1390, 
4226.626, 1375, 
4226.628, 1361, 
4226.63, 1345, 
4226.632, 1329, 
4226.634, 1314, 
4226.636, 1297, 
4226.638, 1279, 
4226.64, 1260, 
4226.642, 1239, 
4226.644, 1220, 
4226.646, 1200, 
4226.648, 1179, 
4226.65, 1157, 
4226.652, 1134, 
4226.654, 1111, 
4226.656, 1086, 
4226.658, 1060, 
4226.66, 1033, 
4226.662, 1006, 
4226.664, 976, 
4226.666, 945, 
4226.668, 914, 
4226.67, 881, 
4226.672, 847, 
4226.674, 813, 
4226.676, 778, 
4226.678, 741, 
4226.68, 704, 
4226.682, 668, 
4226.684, 633, 
4226.686, 599, 
4226.688, 566, 
4226.69, 533, 
4226.692, 501, 
4226.694, 473, 
4226.696, 446, 
4226.698, 421, 
4226.7, 397, 
4226.702, 377, 
4226.704, 358, 
4226.706, 340, 
4226.708, 324, 
4226.71, 310, 
4226.712, 298, 
4226.714, 286, 
4226.716, 276, 
4226.718, 268, 
4226.72, 259, 
4226.722, 252, 
4226.724, 246, 
4226.726, 241, 
4226.728, 237, 
4226.73, 234, 
4226.732, 231, 
4226.734, 230, 
4226.736, 229, 
4226.738, 229, 
4226.74, 230, 
4226.742, 231, 
4226.744, 234, 
4226.746, 236, 
4226.748, 241, 
4226.75, 246, 
4226.752, 253, 
4226.754, 259, 
4226.756, 267, 
4226.758, 276, 
4226.76, 287, 
4226.762, 298, 
4226.764, 311, 
4226.766, 325, 
4226.768, 342, 
4226.77, 360, 
4226.772, 380, 
4226.774, 402, 
4226.776, 426, 
4226.778, 452, 
4226.78, 477, 
4226.782, 507, 
4226.784, 539, 
4226.786, 570, 
4226.788, 604, 
4226.79, 638, 
4226.792, 674, 
4226.794, 711, 
4226.796, 748, 
4226.798, 784, 
4226.8, 819, 
4226.802, 854, 
4226.804, 887, 
4226.806, 919, 
4226.808, 951, 
4226.81, 980, 
4226.812, 1009, 
4226.814, 1036, 
4226.816, 1061, 
4226.818, 1086, 
4226.82, 1110, 
4226.822, 1133, 
4226.824, 1154, 
4226.826, 1176, 
4226.828, 1196, 
4226.83, 1215, 
4226.832, 1235, 
4226.834, 1254, 
4226.836, 1271, 
4226.838, 1287, 
4226.84, 1303, 
4226.842, 1320, 
4226.844, 1335, 
4226.846, 1350, 
4226.848, 1365, 
4226.85, 1380, 
4226.852, 1394, 
4226.854, 1409, 
4226.856, 1423, 
4226.858, 1435, 
4226.86, 1449, 
4226.862, 1462, 
4226.864, 1477, 
4226.866, 1490, 
4226.868, 1502, 
4226.87, 1515, 
4226.872, 1528, 
4226.874, 1541, 
4226.876, 1554, 
4226.878, 1567, 
4226.88, 1578, 
4226.882, 1591, 
4226.884, 1604, 
4226.886, 1616, 
4226.888, 1629, 
4226.89, 1641, 
4226.892, 1653, 
4226.894, 1666, 
4226.896, 1679, 
4226.898, 1691, 
4226.9, 1704, 
4226.902, 1717, 
4226.904, 1729, 
4226.906, 1742, 
4226.908, 1755, 
4226.91, 1767, 
4226.912, 1780, 
4226.914, 1792, 
4226.916, 1806, 
4226.918, 1819, 
4226.92, 1832, 
4226.922, 1846, 
4226.924, 1859, 
4226.926, 1873, 
4226.928, 1887, 
4226.93, 1901, 
4226.932, 1915, 
4226.934, 1928, 
4226.936, 1942, 
4226.938, 1957, 
4226.94, 1971, 
4226.942, 1986, 
4226.944, 1999, 
4226.946, 2013, 
4226.948, 2028, 
4226.95, 2043, 
4226.952, 2058, 
4226.954, 2072, 
4226.956, 2088, 
4226.958, 2103, 
4226.96, 2119, 
4226.962, 2134, 
4226.964, 2150, 
4226.966, 2166, 
4226.968, 2182, 
4226.97, 2198, 
4226.972, 2214, 
4226.974, 2230, 
4226.976, 2248, 
4226.978, 2264, 
4226.98, 2280, 
4226.982, 2297, 
4226.984, 2314, 
4226.986, 2331, 
4226.988, 2347, 
4226.99, 2364, 
4226.992, 2381, 
4226.994, 2399, 
4226.996, 2415, 
4226.998, 2434, 
4227.0, 2451, 
4227.002, 2470, 
4227.004, 2489, 
4227.006, 2506, 
4227.008, 2525, 
4227.01, 2543, 
4227.012, 2562, 
4227.014, 2581, 
4227.016, 2598, 
4227.018, 2618, 
4227.02, 2637, 
4227.022, 2657, 
4227.024, 2677, 
4227.026, 2697, 
4227.028, 2717, 
4227.03, 2737, 
4227.032, 2757, 
4227.034, 2776, 
4227.036, 2795, 
4227.038, 2814, 
4227.04, 2834, 
4227.042, 2854, 
4227.044, 2874, 
4227.046, 2894, 
4227.048, 2914, 
4227.05, 2934, 
4227.052, 2956, 
4227.054, 2976, 
4227.056, 2997, 
4227.058, 3017, 
4227.06, 3037, 
4227.062, 3058, 
4227.064, 3078, 
4227.066, 3099, 
4227.068, 3120, 
4227.07, 3141, 
4227.072, 3161, 
4227.074, 3182, 
4227.076, 3204, 
4227.078, 3225, 
4227.08, 3247, 
4227.082, 3268, 
4227.084, 3288, 
4227.086, 3309, 
4227.088, 3330, 
4227.09, 3351, 
4227.092, 3372, 
4227.094, 3391, 
4227.096, 3411, 
4227.098, 3432, 
4227.1, 3451, 
4227.102, 3471, 
4227.104, 3490, 
4227.106, 3508, 
4227.108, 3527, 
4227.11, 3546, 
4227.112, 3565, 
4227.114, 3583, 
4227.116, 3601, 
4227.118, 3617, 
4227.12, 3635, 
4227.122, 3653, 
4227.124, 3670, 
4227.126, 3689, 
4227.128, 3706, 
4227.13, 3722, 
4227.132, 3739, 
4227.134, 3755, 
4227.136, 3772, 
4227.138, 3788, 
4227.14, 3804, 
4227.142, 3821, 
4227.144, 3838, 
4227.146, 3853, 
4227.148, 3870, 
4227.15, 3887, 
4227.152, 3904, 
4227.154, 3922, 
4227.156, 3940, 
4227.158, 3957, 
4227.16, 3974, 
4227.162, 3992, 
4227.164, 4009, 
4227.166, 4027, 
4227.168, 4045, 
4227.17, 4063, 
4227.172, 4080, 
4227.174, 4097, 
4227.176, 4113, 
4227.178, 4130, 
4227.18, 4147, 
4227.182, 4164, 
4227.184, 4180, 
4227.186, 4196, 
4227.188, 4211, 
4227.19, 4226, 
4227.192, 4239, 
4227.194, 4251, 
4227.196, 4264, 
4227.198, 4276, 
4227.2, 4289, 
4227.202, 4299, 
4227.204, 4309, 
4227.206, 4319, 
4227.208, 4328, 
4227.21, 4336, 
4227.212, 4343, 
4227.214, 4350, 
4227.216, 4356, 
4227.218, 4360, 
4227.22, 4364, 
4227.222, 4365, 
4227.224, 4365, 
4227.226, 4365, 
4227.228, 4362, 
4227.23, 4359, 
4227.232, 4353, 
4227.234, 4345, 
4227.236, 4331, 
4227.238, 4319, 
4227.24, 4305, 
4227.242, 4294, 
4227.244, 4278, 
4227.246, 4256, 
4227.248, 4232, 
4227.25, 4206, 
4227.252, 4176, 
4227.254, 4142, 
4227.256, 4104, 
4227.258, 4064, 
4227.26, 4019, 
4227.262, 3973, 
4227.264, 3924, 
4227.266, 3869, 
4227.268, 3811, 
4227.27, 3749, 
4227.272, 3685, 
4227.274, 3619, 
4227.276, 3552, 
4227.278, 3484, 
4227.28, 3413, 
4227.282, 3345, 
4227.284, 3277, 
4227.286, 3210, 
4227.288, 3143, 
4227.29, 3078, 
4227.292, 3016, 
4227.294, 2956, 
4227.296, 2897, 
4227.298, 2846, 
4227.3, 2799, 
4227.302, 2753, 
4227.304, 2710, 
4227.306, 2669, 
4227.308, 2633, 
4227.31, 2600, 
4227.312, 2569, 
4227.314, 2539, 
4227.316, 2511, 
4227.318, 2485, 
4227.32, 2461, 
4227.322, 2438, 
4227.324, 2410, 
4227.326, 2389, 
4227.328, 2373, 
4227.33, 2359, 
4227.332, 2345, 
4227.334, 2336, 
4227.336, 2330, 
4227.338, 2324, 
4227.34, 2320, 
4227.342, 2320, 
4227.344, 2322, 
4227.346, 2324, 
4227.348, 2326, 
4227.35, 2332, 
4227.352, 2338, 
4227.354, 2347, 
4227.356, 2351, 
4227.358, 2353, 
4227.36, 2353, 
4227.362, 2351, 
4227.364, 2345, 
4227.366, 2339, 
4227.368, 2324, 
4227.37, 2302, 
4227.372, 2277, 
4227.374, 2248, 
4227.376, 2210, 
4227.378, 2164, 
4227.38, 2114, 
4227.382, 2057, 
4227.384, 1992, 
4227.386, 1922, 
4227.388, 1848, 
4227.39, 1770, 
4227.392, 1687, 
4227.394, 1604, 
4227.396, 1521, 
4227.398, 1438, 
4227.4, 1357, 
4227.402, 1279, 
4227.404, 1201, 
4227.406, 1129, 
4227.408, 1064, 
4227.41, 1002, 
4227.412, 947, 
4227.414, 899, 
4227.416, 856, 
4227.418, 817, 
4227.42, 785, 
4227.422, 755, 
4227.424, 730, 
4227.426, 709, 
4227.428, 693, 
4227.43, 682, 
4227.432, 673, 
4227.434, 669, 
4227.436, 669, 
4227.438, 672, 
4227.44, 681, 
4227.442, 693, 
4227.444, 709, 
4227.446, 730, 
4227.448, 757, 
4227.45, 788, 
4227.452, 823, 
4227.454, 867, 
4227.456, 918, 
4227.458, 972, 
4227.46, 1040, 
4227.462, 1119, 
4227.464, 1203, 
4227.466, 1296, 
4227.468, 1397, 
4227.47, 1506, 
4227.472, 1619, 
4227.474, 1735, 
4227.476, 1855, 
4227.478, 1978, 
4227.48, 2101, 
4227.482, 2224, 
4227.484, 2344, 
4227.486, 2464, 
4227.488, 2580, 
4227.49, 2692, 
4227.492, 2799, 
4227.494, 2903, 
4227.496, 3007, 
4227.498, 3107, 
4227.5, 3206, 
4227.502, 3299, 
4227.504, 3387, 
4227.506, 3474, 
4227.508, 3560, 
4227.51, 3644, 
4227.512, 3726, 
4227.514, 3805, 
4227.516, 3882, 
4227.518, 3958, 
4227.52, 4031, 
4227.522, 4104, 
4227.524, 4177, 
4227.526, 4248, 
4227.528, 4317, 
4227.53, 4386, 
4227.532, 4454, 
4227.534, 4517, 
4227.536, 4580, 
4227.538, 4641, 
4227.54, 4701, 
4227.542, 4760, 
4227.544, 4817, 
4227.546, 4876, 
4227.548, 4935, 
4227.55, 4992, 
4227.552, 5045, 
4227.554, 5095, 
4227.556, 5147, 
4227.558, 5197, 
4227.56, 5247, 
4227.562, 5297, 
4227.564, 5346, 
4227.566, 5396, 
4227.568, 5444, 
4227.57, 5493, 
4227.572, 5537, 
4227.574, 5580, 
4227.576, 5623, 
4227.578, 5662, 
4227.58, 5700, 
4227.582, 5739, 
4227.584, 5777, 
4227.586, 5813, 
4227.588, 5847, 
4227.59, 5879, 
4227.592, 5907, 
4227.594, 5934, 
4227.596, 5960, 
4227.598, 5984, 
4227.6, 6007, 
4227.602, 6028, 
4227.604, 6046, 
4227.606, 6061, 
4227.608, 6073, 
4227.61, 6084, 
4227.612, 6095, 
4227.614, 6105, 
4227.616, 6114, 
4227.618, 6121, 
4227.62, 6126, 
4227.622, 6131, 
4227.624, 6137, 
4227.626, 6142, 
4227.628, 6146, 
4227.63, 6151, 
4227.632, 6157, 
4227.634, 6163, 
4227.636, 6170, 
4227.638, 6178, 
4227.64, 6188, 
4227.642, 6198, 
4227.644, 6211, 
4227.646, 6224, 
4227.648, 6240, 
4227.65, 6259, 
4227.652, 6281, 
4227.654, 6305, 
4227.656, 6333, 
4227.658, 6362, 
4227.66, 6393, 
4227.662, 6425, 
4227.664, 6457, 
4227.666, 6490, 
4227.668, 6521, 
4227.67, 6551, 
4227.672, 6580, 
4227.674, 6608, 
4227.676, 6632, 
4227.678, 6652, 
4227.68, 6669, 
4227.682, 6682, 
4227.684, 6690, 
4227.686, 6696, 
4227.688, 6696, 
4227.69, 6691, 
4227.692, 6681, 
4227.694, 6664, 
4227.696, 6642, 
4227.698, 6614, 
4227.7, 6581, 
4227.702, 6544, 
4227.704, 6504, 
4227.706, 6459, 
4227.708, 6410, 
4227.71, 6354, 
4227.712, 6290, 
4227.714, 6224, 
4227.716, 6154, 
4227.718, 6079, 
4227.72, 6003, 
4227.722, 5925, 
4227.724, 5841, 
4227.726, 5757, 
4227.728, 5673, 
4227.73, 5589, 
4227.732, 5507, 
4227.734, 5426, 
4227.736, 5346, 
4227.738, 5272, 
4227.74, 5200, 
4227.742, 5136, 
4227.744, 5078, 
4227.746, 5035, 
4227.748, 5003, 
4227.75, 4984, 
4227.752, 4976, 
4227.754, 4979, 
4227.756, 4996, 
4227.758, 5028, 
4227.76, 5074, 
4227.762, 5136, 
4227.764, 5207, 
4227.766, 5291, 
4227.768, 5383, 
4227.77, 5486, 
4227.772, 5597, 
4227.774, 5715, 
4227.776, 5835, 
4227.778, 5954, 
4227.78, 6071, 
4227.782, 6190, 
4227.784, 6307, 
4227.786, 6423, 
4227.788, 6534, 
4227.79, 6640, 
4227.792, 6741, 
4227.794, 6835, 
4227.796, 6925, 
4227.798, 7010, 
4227.8, 7088, 
4227.802, 7158, 
4227.804, 7220, 
4227.806, 7277, 
4227.808, 7330, 
4227.81, 7379, 
4227.812, 7424, 
4227.814, 7465, 
4227.816, 7504, 
4227.818, 7541, 
4227.82, 7575, 
4227.822, 7606, 
4227.824, 7633, 
4227.826, 7658, 
4227.828, 7681, 
4227.83, 7699, 
4227.832, 7714, 
4227.834, 7729, 
4227.836, 7740, 
4227.838, 7748, 
4227.84, 7754, 
4227.842, 7757, 
4227.844, 7756, 
4227.846, 7751, 
4227.848, 7741, 
4227.85, 7727, 
4227.852, 7709, 
4227.854, 7688, 
4227.856, 7660, 
4227.858, 7629, 
4227.86, 7591, 
4227.862, 7546, 
4227.864, 7496, 
4227.866, 7443, 
4227.868, 7381, 
4227.87, 7311, 
4227.872, 7232, 
4227.874, 7147, 
4227.876, 7055, 
4227.878, 6958, 
4227.88, 6856, 
4227.882, 6747, 
4227.884, 6632, 
4227.886, 6509, 
4227.888, 6386, 
4227.89, 6263, 
4227.892, 6139, 
4227.894, 6012, 
4227.896, 5882, 
4227.898, 5751, 
4227.9, 5620, 
4227.902, 5490, 
4227.904, 5363, 
4227.906, 5239, 
4227.908, 5118, 
4227.91, 4996, 
4227.912, 4880, 
4227.914, 4771, 
4227.916, 4674, 
4227.918, 4581, 
4227.92, 4494, 
4227.922, 4412, 
4227.924, 4339, 
4227.926, 4272, 
4227.928, 4213, 
4227.93, 4161, 
4227.932, 4114, 
4227.934, 4077, 
4227.936, 4047, 
4227.938, 4027, 
4227.94, 4013, 
4227.942, 4009, 
4227.944, 4012, 
4227.946, 4024, 
4227.948, 4045, 
4227.95, 4074, 
4227.952, 4112, 
4227.954, 4158, 
4227.956, 4209, 
4227.958, 4273, 
4227.96, 4350, 
4227.962, 4437, 
4227.964, 4532, 
4227.966, 4638, 
4227.968, 4751, 
4227.97, 4873, 
4227.972, 5003, 
4227.974, 5141, 
4227.976, 5279, 
4227.978, 5421, 
4227.98, 5562, 
4227.982, 5712, 
4227.984, 5868, 
4227.986, 6013, 
4227.988, 6153, 
4227.99, 6292, 
4227.992, 6429, 
4227.994, 6561, 
4227.996, 6687, 
4227.998, 6809, 
4228.0, 6922, 
4228.002, 7031, 
4228.004, 7129, 
4228.006, 7222, 
4228.008, 7307, 
4228.01, 7386, 
4228.012, 7459, 
4228.014, 7525, 
4228.016, 7589, 
4228.018, 7650, 
4228.02, 7705, 
4228.022, 7755, 
4228.024, 7805, 
4228.026, 7853, 
4228.028, 7901, 
4228.03, 7945, 
4228.032, 7987, 
4228.034, 8025, 
4228.036, 8062, 
4228.038, 8095, 
4228.04, 8130, 
4228.042, 8163, 
4228.044, 8194, 
4228.046, 8222, 
4228.048, 8248, 
4228.05, 8271, 
4228.052, 8290, 
4228.054, 8304, 
4228.056, 8315, 
4228.058, 8326, 
4228.06, 8335, 
4228.062, 8340, 
4228.064, 8344, 
4228.066, 8345, 
4228.068, 8345, 
4228.07, 8343, 
4228.072, 8341, 
4228.074, 8337, 
4228.076, 8332, 
4228.078, 8326, 
4228.08, 8321, 
4228.082, 8315, 
4228.084, 8309, 
4228.086, 8302, 
4228.088, 8298, 
4228.09, 8295, 
4228.092, 8292, 
4228.094, 8291, 
4228.096, 8291, 
4228.098, 8292, 
4228.1, 8293, 
4228.102, 8296, 
4228.104, 8301, 
4228.106, 8306, 
4228.108, 8312, 
4228.11, 8319, 
4228.112, 8325, 
4228.114, 8333, 
4228.116, 8342, 
4228.118, 8353, 
4228.12, 8362, 
4228.122, 8371, 
4228.124, 8380, 
4228.126, 8388, 
4228.128, 8398, 
4228.13, 8407, 
4228.132, 8416, 
4228.134, 8425, 
4228.136, 8433, 
4228.138, 8443, 
4228.14, 8452, 
4228.142, 8459, 
4228.144, 8465, 
4228.146, 8471, 
4228.148, 8476, 
4228.15, 8480, 
4228.152, 8482, 
4228.154, 8484, 
4228.156, 8484, 
4228.158, 8482, 
4228.16, 8480, 
4228.162, 8476, 
4228.164, 8472, 
4228.166, 8467, 
4228.168, 8461, 
4228.17, 8454, 
4228.172, 8445, 
4228.174, 8436, 
4228.176, 8427, 
4228.178, 8418, 
4228.18, 8408, 
4228.182, 8398, 
4228.184, 8390, 
4228.186, 8380, 
4228.188, 8371, 
4228.19, 8364, 
4228.192, 8358, 
4228.194, 8354, 
4228.196, 8352, 
4228.198, 8350, 
4228.2, 8349, 
4228.202, 8349, 
4228.204, 8351, 
4228.206, 8354, 
4228.208, 8357, 
4228.21, 8362, 
4228.212, 8367, 
4228.214, 8372, 
4228.216, 8379, 
4228.218, 8384, 
4228.22, 8390, 
4228.222, 8395, 
4228.224, 8400, 
4228.226, 8406, 
4228.228, 8409, 
4228.23, 8413, 
4228.232, 8415, 
4228.234, 8417, 
4228.236, 8418, 
4228.238, 8419, 
4228.24, 8419, 
4228.242, 8418, 
4228.244, 8415, 
4228.246, 8412, 
4228.248, 8407, 
4228.25, 8402, 
4228.252, 8396, 
4228.254, 8388, 
4228.256, 8380, 
4228.258, 8370, 
4228.26, 8360, 
4228.262, 8350, 
4228.264, 8338, 
4228.266, 8326, 
4228.268, 8313, 
4228.27, 8299, 
4228.272, 8285, 
4228.274, 8270, 
4228.276, 8257, 
4228.278, 8244, 
4228.28, 8230, 
4228.282, 8217, 
4228.284, 8205, 
4228.286, 8193, 
4228.288, 8183, 
4228.29, 8174, 
4228.292, 8165, 
4228.294, 8153, 
4228.296, 8149, 
4228.298, 8146, 
4228.3, 8145, 
4228.302, 8145, 
4228.304, 8147, 
4228.306, 8151, 
4228.308, 8157, 
4228.31, 8163, 
4228.312, 8172, 
4228.314, 8182, 
4228.316, 8195, 
4228.318, 8205, 
4228.32, 8217, 
4228.322, 8229, 
4228.324, 8242, 
4228.326, 8255, 
4228.328, 8270, 
4228.33, 8284, 
4228.332, 8300, 
4228.334, 8316, 
4228.336, 8332, 
4228.338, 8349, 
4228.34, 8368, 
4228.342, 8385, 
4228.344, 8403, 
4228.346, 8422, 
4228.348, 8440, 
4228.35, 8457, 
4228.352, 8474, 
4228.354, 8492, 
4228.356, 8510, 
4228.358, 8527, 
4228.36, 8544, 
4228.362, 8563, 
4228.364, 8581, 
4228.366, 8599, 
4228.368, 8618, 
4228.37, 8635, 
4228.372, 8653, 
4228.374, 8670, 
4228.376, 8687, 
4228.378, 8703, 
4228.38, 8719, 
4228.382, 8734, 
4228.384, 8750, 
4228.386, 8765, 
4228.388, 8779, 
4228.39, 8792, 
4228.392, 8806, 
4228.394, 8819, 
4228.396, 8831, 
4228.398, 8843, 
4228.4, 8855, 
4228.402, 8866, 
4228.404, 8878, 
4228.406, 8889, 
4228.408, 8900, 
4228.41, 8911, 
4228.412, 8922, 
4228.414, 8932, 
4228.416, 8943, 
4228.418, 8953, 
4228.42, 8963, 
4228.422, 8973, 
4228.424, 8982, 
4228.426, 8991, 
4228.428, 9000, 
4228.43, 9008, 
4228.432, 9016, 
4228.434, 9024, 
4228.436, 9031, 
4228.438, 9038, 
4228.44, 9046, 
4228.442, 9052, 
4228.444, 9059, 
4228.446, 9066, 
4228.448, 9072, 
4228.45, 9078, 
4228.452, 9084, 
4228.454, 9089, 
4228.456, 9095, 
4228.458, 9101, 
4228.46, 9105, 
4228.462, 9110, 
4228.464, 9115, 
4228.466, 9119, 
4228.468, 9122, 
4228.47, 9126, 
4228.472, 9129, 
4228.474, 9132, 
4228.476, 9135, 
4228.478, 9138, 
4228.48, 9140, 
4228.482, 9142, 
4228.484, 9143, 
4228.486, 9145, 
4228.488, 9146, 
4228.49, 9147, 
4228.492, 9148, 
4228.494, 9148, 
4228.496, 9148, 
4228.498, 9147, 
4228.5, 9147, 
4228.502, 9146, 
4228.504, 9144, 
4228.506, 9143, 
4228.508, 9141, 
4228.51, 9139, 
4228.512, 9137, 
4228.514, 9136, 
4228.516, 9133, 
4228.518, 9132, 
4228.52, 9130, 
4228.522, 9130, 
4228.524, 9129, 
4228.526, 9127, 
4228.528, 9126, 
4228.53, 9125, 
4228.532, 9125, 
4228.534, 9124, 
4228.536, 9124, 
4228.538, 9125, 
4228.54, 9126, 
4228.542, 9127, 
4228.544, 9129, 
4228.546, 9131, 
4228.548, 9133, 
4228.55, 9135, 
4228.552, 9138, 
4228.554, 9141, 
4228.556, 9144, 
4228.558, 9146, 
4228.56, 9149, 
4228.562, 9152, 
4228.564, 9155, 
4228.566, 9157, 
4228.568, 9159, 
4228.57, 9161, 
4228.572, 9163, 
4228.574, 9164, 
4228.576, 9165, 
4228.578, 9166, 
4228.58, 9166, 
4228.582, 9166, 
4228.584, 9165, 
4228.586, 9165, 
4228.588, 9165, 
4228.59, 9164, 
4228.592, 9163, 
4228.594, 9164, 
4228.596, 9163, 
4228.598, 9163, 
4228.6, 9164, 
4228.602, 9164, 
4228.604, 9165, 
4228.606, 9167, 
4228.608, 9169, 
4228.61, 9171, 
4228.612, 9173, 
4228.614, 9176, 
4228.616, 9179, 
4228.618, 9183, 
4228.62, 9186, 
4228.622, 9189, 
4228.624, 9192, 
4228.626, 9195, 
4228.628, 9197, 
4228.63, 9200, 
4228.632, 9201, 
4228.634, 9201, 
4228.636, 9201, 
4228.638, 9199, 
4228.64, 9195, 
4228.642, 9189, 
4228.644, 9182, 
4228.646, 9173, 
4228.648, 9161, 
4228.65, 9148, 
4228.652, 9134, 
4228.654, 9116, 
4228.656, 9093, 
4228.658, 9066, 
4228.66, 9039, 
4228.662, 9006, 
4228.664, 8963, 
4228.666, 8916, 
4228.668, 8865, 
4228.67, 8808, 
4228.672, 8742, 
4228.674, 8665, 
4228.676, 8580, 
4228.678, 8487, 
4228.68, 8384, 
4228.682, 8270, 
4228.684, 8145, 
4228.686, 8013, 
4228.688, 7876, 
4228.69, 7735, 
4228.692, 7585, 
4228.694, 7431, 
4228.696, 7274, 
4228.698, 7121, 
4228.7, 6971, 
4228.702, 6825, 
4228.704, 6689, 
4228.706, 6558, 
4228.708, 6437, 
4228.71, 6329, 
4228.712, 6235, 
4228.714, 6160, 
4228.716, 6105, 
4228.718, 6070, 
4228.72, 6058, 
4228.722, 6068, 
4228.724, 6100, 
4228.726, 6153, 
4228.728, 6225, 
4228.73, 6316, 
4228.732, 6426, 
4228.734, 6550, 
4228.736, 6683, 
4228.738, 6830, 
4228.74, 6988, 
4228.742, 7137, 
4228.744, 7290, 
4228.746, 7444, 
4228.748, 7590, 
4228.75, 7732, 
4228.752, 7870, 
4228.754, 8001, 
4228.756, 8124, 
4228.758, 8242, 
4228.76, 8351, 
4228.762, 8455, 
4228.764, 8547, 
4228.766, 8632, 
4228.768, 8706, 
4228.77, 8774, 
4228.772, 8834, 
4228.774, 8889, 
4228.776, 8940, 
4228.778, 8987, 
4228.78, 9030, 
4228.782, 9066, 
4228.784, 9099, 
4228.786, 9127, 
4228.788, 9154, 
4228.79, 9179, 
4228.792, 9202, 
4228.794, 9223, 
4228.796, 9241, 
4228.798, 9257, 
4228.8, 9272, 
4228.802, 9282, 
4228.804, 9292, 
4228.806, 9302, 
4228.808, 9311, 
4228.81, 9319, 
4228.812, 9325, 
4228.814, 9330, 
4228.816, 9335, 
4228.818, 9339, 
4228.82, 9343, 
4228.822, 9346, 
4228.824, 9349, 
4228.826, 9351, 
4228.828, 9354, 
4228.83, 9357, 
4228.832, 9360, 
4228.834, 9362, 
4228.836, 9365, 
4228.838, 9367, 
4228.84, 9370, 
4228.842, 9375, 
4228.844, 9378, 
4228.846, 9382, 
4228.848, 9386, 
4228.85, 9389, 
4228.852, 9393, 
4228.854, 9397, 
4228.856, 9400, 
4228.858, 9404, 
4228.86, 9407, 
4228.862, 9410, 
4228.864, 9413, 
4228.866, 9416, 
4228.868, 9418, 
4228.87, 9420, 
4228.872, 9422, 
4228.874, 9424, 
4228.876, 9426, 
4228.878, 9427, 
4228.88, 9429, 
4228.882, 9431, 
4228.884, 9433, 
4228.886, 9435, 
4228.888, 9437, 
4228.89, 9438, 
4228.892, 9439, 
4228.894, 9441, 
4228.896, 9443, 
4228.898, 9443, 
4228.9, 9444, 
4228.902, 9445, 
4228.904, 9445, 
4228.906, 9445, 
4228.908, 9445, 
4228.91, 9445, 
4228.912, 9444, 
4228.914, 9444, 
4228.916, 9443, 
4228.918, 9442, 
4228.92, 9441, 
4228.922, 9439, 
4228.924, 9437, 
4228.926, 9435, 
4228.928, 9432, 
4228.93, 9429, 
4228.932, 9426, 
4228.934, 9422, 
4228.936, 9419, 
4228.938, 9415, 
4228.94, 9412, 
4228.942, 9408, 
4228.944, 9404, 
4228.946, 9401, 
4228.948, 9397, 
4228.95, 9394, 
4228.952, 9391, 
4228.954, 9389, 
4228.956, 9386, 
4228.958, 9384, 
4228.96, 9383, 
4228.962, 9382, 
4228.964, 9381, 
4228.966, 9381, 
4228.968, 9381, 
4228.97, 9380, 
4228.972, 9380, 
4228.974, 9380, 
4228.976, 9379, 
4228.978, 9380, 
4228.98, 9379, 
4228.982, 9378, 
4228.984, 9376, 
4228.986, 9375, 
4228.988, 9372, 
4228.99, 9369, 
4228.992, 9365, 
4228.994, 9360, 
4228.996, 9354, 
4228.998, 9347, 
4229.0, 9339, 
4229.002, 9331, 
4229.004, 9322, 
4229.006, 9311, 
4229.008, 9300, 
4229.01, 9288, 
4229.012, 9276, 
4229.014, 9263, 
4229.016, 9249, 
4229.018, 9234, 
4229.02, 9218, 
4229.022, 9203, 
4229.024, 9187, 
4229.026, 9173, 
4229.028, 9158, 
4229.03, 9144, 
4229.032, 9132, 
4229.034, 9121, 
4229.036, 9107, 
4229.038, 9099, 
4229.04, 9093, 
4229.042, 9089, 
4229.044, 9088, 
4229.046, 9089, 
4229.048, 9093, 
4229.05, 9098, 
4229.052, 9108, 
4229.054, 9117, 
4229.056, 9130, 
4229.058, 9144, 
4229.06, 9160, 
4229.062, 9176, 
4229.064, 9195, 
4229.066, 9214, 
4229.068, 9233, 
4229.07, 9252, 
4229.072, 9272, 
4229.074, 9291, 
4229.076, 9310, 
4229.078, 9327, 
4229.08, 9344, 
4229.082, 9360, 
4229.084, 9374, 
4229.086, 9387, 
4229.088, 9399, 
4229.09, 9411, 
4229.092, 9421, 
4229.094, 9430, 
4229.096, 9439, 
4229.098, 9446, 
4229.1, 9452, 
4229.102, 9459, 
4229.104, 9464, 
4229.106, 9469, 
4229.108, 9474, 
4229.11, 9478, 
4229.112, 9481, 
4229.114, 9483, 
4229.116, 9485, 
4229.118, 9487, 
4229.12, 9488, 
4229.122, 9488, 
4229.124, 9489, 
4229.126, 9489, 
4229.128, 9488, 
4229.13, 9487, 
4229.132, 9487, 
4229.134, 9486, 
4229.136, 9485, 
4229.138, 9485, 
4229.14, 9485, 
4229.142, 9484, 
4229.144, 9483, 
4229.146, 9483, 
4229.148, 9484, 
4229.15, 9484, 
4229.152, 9484, 
4229.154, 9485, 
4229.156, 9486, 
4229.158, 9487, 
4229.16, 9488, 
4229.162, 9488, 
4229.164, 9490, 
4229.166, 9491, 
4229.168, 9492, 
4229.17, 9493, 
4229.172, 9494, 
4229.174, 9495, 
4229.176, 9496, 
4229.178, 9497, 
4229.18, 9498, 
4229.182, 9499, 
4229.184, 9500, 
4229.186, 9501, 
4229.188, 9502, 
4229.19, 9502, 
4229.192, 9503, 
4229.194, 9503, 
4229.196, 9503, 
4229.198, 9503, 
4229.2, 9503, 
4229.202, 9503, 
4229.204, 9502, 
4229.206, 9502, 
4229.208, 9501, 
4229.21, 9500, 
4229.212, 9500, 
4229.214, 9499, 
4229.216, 9499, 
4229.218, 9499, 
4229.22, 9500, 
4229.222, 9500, 
4229.224, 9501, 
4229.226, 9503, 
4229.228, 9504, 
4229.23, 9505, 
4229.232, 9507, 
4229.234, 9508, 
4229.236, 9510, 
4229.238, 9511, 
4229.24, 9513, 
4229.242, 9514, 
4229.244, 9516, 
4229.246, 9518, 
4229.248, 9519, 
4229.25, 9519, 
4229.252, 9520, 
4229.254, 9521, 
4229.256, 9523, 
4229.258, 9524, 
4229.26, 9524, 
4229.262, 9524, 
4229.264, 9524, 
4229.266, 9523, 
4229.268, 9523, 
4229.27, 9521, 
4229.272, 9520, 
4229.274, 9518, 
4229.276, 9515, 
4229.278, 9513, 
4229.28, 9511, 
4229.282, 9508, 
4229.284, 9506, 
4229.286, 9503, 
4229.288, 9501, 
4229.29, 9498, 
4229.292, 9496, 
4229.294, 9493, 
4229.296, 9491, 
4229.298, 9487, 
4229.3, 9483, 
4229.302, 9479, 
4229.304, 9475, 
4229.306, 9471, 
4229.308, 9466, 
4229.31, 9461, 
4229.312, 9455, 
4229.314, 9449, 
4229.316, 9443, 
4229.318, 9437, 
4229.32, 9430, 
4229.322, 9422, 
4229.324, 9414, 
4229.326, 9404, 
4229.328, 9394, 
4229.33, 9383, 
4229.332, 9372, 
4229.334, 9357, 
4229.336, 9341, 
4229.338, 9324, 
4229.34, 9305, 
4229.342, 9281, 
4229.344, 9256, 
4229.346, 9226, 
4229.348, 9198, 
4229.35, 9158, 
4229.352, 9112, 
4229.354, 9060, 
4229.356, 8994, 
4229.358, 8917, 
4229.36, 8830, 
4229.362, 8734, 
4229.364, 8627, 
4229.366, 8512, 
4229.368, 8388, 
4229.37, 8255, 
4229.372, 8102, 
4229.374, 7944, 
4229.376, 7781, 
4229.378, 7600, 
4229.38, 7398, 
4229.382, 7206, 
4229.384, 7013, 
4229.386, 6814, 
4229.388, 6620, 
4229.39, 6427, 
4229.392, 6245, 
4229.394, 6081, 
4229.396, 5938, 
4229.398, 5806, 
4229.4, 5693, 
4229.402, 5602, 
4229.404, 5535, 
4229.406, 5492, 
4229.408, 5476, 
4229.41, 5486, 
4229.412, 5521, 
4229.414, 5583, 
4229.416, 5669, 
4229.418, 5775, 
4229.42, 5895, 
4229.422, 6032, 
4229.424, 6193, 
4229.426, 6350, 
4229.428, 6508, 
4229.43, 6669, 
4229.432, 6824, 
4229.434, 6964, 
4229.436, 7092, 
4229.438, 7207, 
4229.44, 7306, 
4229.442, 7381, 
4229.444, 7433, 
4229.446, 7466, 
4229.448, 7480, 
4229.45, 7472, 
4229.452, 7443, 
4229.454, 7390, 
4229.456, 7311, 
4229.458, 7205, 
4229.46, 7077, 
4229.462, 6940, 
4229.464, 6782, 
4229.466, 6605, 
4229.468, 6405, 
4229.47, 6186, 
4229.472, 5964, 
4229.474, 5739, 
4229.476, 5509, 
4229.478, 5269, 
4229.48, 5027, 
4229.482, 4789, 
4229.484, 4546, 
4229.486, 4305, 
4229.488, 4061, 
4229.49, 3834, 
4229.492, 3617, 
4229.494, 3412, 
4229.496, 3216, 
4229.498, 3032, 
4229.5, 2868, 
4229.502, 2718, 
4229.504, 2584, 
4229.506, 2464, 
4229.508, 2362, 
4229.51, 2280, 
4229.512, 2226, 
4229.514, 2189, 
4229.516, 2168, 
4229.518, 2165, 
4229.52, 2184, 
4229.522, 2219, 
4229.524, 2272, 
4229.526, 2358, 
4229.528, 2465, 
4229.53, 2592, 
4229.532, 2740, 
4229.534, 2912, 
4229.536, 3109, 
4229.538, 3322, 
4229.54, 3555, 
4229.542, 3809, 
4229.544, 4074, 
4229.546, 4346, 
4229.548, 4620, 
4229.55, 4903, 
4229.552, 5193, 
4229.554, 5483, 
4229.556, 5767, 
4229.558, 6037, 
4229.56, 6302, 
4229.562, 6561, 
4229.564, 6811, 
4229.566, 7045, 
4229.568, 7267, 
4229.57, 7473, 
4229.572, 7656, 
4229.574, 7831, 
4229.576, 7989, 
4229.578, 8132, 
4229.58, 8267, 
4229.582, 8392, 
4229.584, 8503, 
4229.586, 8604, 
4229.588, 8694, 
4229.59, 8782, 
4229.592, 8860, 
4229.594, 8931, 
4229.596, 8996, 
4229.598, 9053, 
4229.6, 9104, 
4229.602, 9151, 
4229.604, 9194, 
4229.606, 9233, 
4229.608, 9267, 
4229.61, 9299, 
4229.612, 9328, 
4229.614, 9354, 
4229.616, 9378, 
4229.618, 9400, 
4229.62, 9416, 
4229.622, 9429, 
4229.624, 9443, 
4229.626, 9455, 
4229.628, 9466, 
4229.63, 9476, 
4229.632, 9481, 
4229.634, 9486, 
4229.636, 9489, 
4229.638, 9492, 
4229.64, 9492, 
4229.642, 9491, 
4229.644, 9487, 
4229.646, 9481, 
4229.648, 9472, 
4229.65, 9462, 
4229.652, 9454, 
4229.654, 9439, 
4229.656, 9422, 
4229.658, 9404, 
4229.66, 9381, 
4229.662, 9355, 
4229.664, 9329, 
4229.666, 9297, 
4229.668, 9259, 
4229.67, 9217, 
4229.672, 9170, 
4229.674, 9119, 
4229.676, 9065, 
4229.678, 9003, 
4229.68, 8935, 
4229.682, 8856, 
4229.684, 8767, 
4229.686, 8673, 
4229.688, 8574, 
4229.69, 8469, 
4229.692, 8355, 
4229.694, 8231, 
4229.696, 8097, 
4229.698, 7954, 
4229.7, 7792, 
4229.702, 7619, 
4229.704, 7430, 
4229.706, 7230, 
4229.708, 7015, 
4229.71, 6789, 
4229.712, 6555, 
4229.714, 6308, 
4229.716, 6051, 
4229.718, 5781, 
4229.72, 5498, 
4229.722, 5217, 
4229.724, 4938, 
4229.726, 4658, 
4229.728, 4384, 
4229.73, 4108, 
4229.732, 3843, 
4229.734, 3593, 
4229.736, 3349, 
4229.738, 3122, 
4229.74, 2908, 
4229.742, 2709, 
4229.744, 2525, 
4229.746, 2360, 
4229.748, 2225, 
4229.75, 2103, 
4229.752, 1997, 
4229.754, 1909, 
4229.756, 1840, 
4229.758, 1797, 
4229.76, 1764, 
4229.762, 1745, 
4229.764, 1741, 
4229.766, 1750, 
4229.768, 1773, 
4229.77, 1808, 
4229.772, 1849, 
4229.774, 1907, 
4229.776, 1980, 
4229.778, 2059, 
4229.78, 2143, 
4229.782, 2234, 
4229.784, 2331, 
4229.786, 2432, 
4229.788, 2537, 
4229.79, 2644, 
4229.792, 2745, 
4229.794, 2849, 
4229.796, 2952, 
4229.798, 3058, 
4229.8, 3165, 
4229.802, 3274, 
4229.804, 3386, 
4229.806, 3501, 
4229.808, 3619, 
4229.81, 3741, 
4229.812, 3865, 
4229.814, 3995, 
4229.816, 4128, 
4229.818, 4261, 
4229.82, 4396, 
4229.822, 4530, 
4229.824, 4663, 
4229.826, 4797, 
4229.828, 4927, 
4229.83, 5055, 
4229.832, 5176, 
4229.834, 5291, 
4229.836, 5397, 
4229.838, 5495, 
4229.84, 5578, 
4229.842, 5648, 
4229.844, 5699, 
4229.846, 5739, 
4229.848, 5767, 
4229.85, 5780, 
4229.852, 5779, 
4229.854, 5762, 
4229.856, 5730, 
4229.858, 5683, 
4229.86, 5624, 
4229.862, 5555, 
4229.864, 5477, 
4229.866, 5387, 
4229.868, 5290, 
4229.87, 5187, 
4229.872, 5077, 
4229.874, 4963, 
4229.876, 4851, 
4229.878, 4734, 
4229.88, 4619, 
4229.882, 4504, 
4229.884, 4396, 
4229.886, 4292, 
4229.888, 4192, 
4229.89, 4097, 
4229.892, 4011, 
4229.894, 3933, 
4229.896, 3861, 
4229.898, 3801, 
4229.9, 3754, 
4229.902, 3712, 
4229.904, 3677, 
4229.906, 3655, 
4229.908, 3643, 
4229.91, 3642, 
4229.912, 3651, 
4229.914, 3672, 
4229.916, 3705, 
4229.918, 3746, 
4229.92, 3795, 
4229.922, 3861, 
4229.924, 3943, 
4229.926, 4036, 
4229.928, 4140, 
4229.93, 4257, 
4229.932, 4383, 
4229.934, 4518, 
4229.936, 4660, 
4229.938, 4812, 
4229.94, 4971, 
4229.942, 5136, 
4229.944, 5304, 
4229.946, 5480, 
4229.948, 5660, 
4229.95, 5838, 
4229.952, 6014, 
4229.954, 6192, 
4229.956, 6378, 
4229.958, 6564, 
4229.96, 6737, 
4229.962, 6909, 
4229.964, 7077, 
4229.966, 7236, 
4229.968, 7386, 
4229.97, 7539, 
4229.972, 7679, 
4229.974, 7813, 
4229.976, 7944, 
4229.978, 8067, 
4229.98, 8186, 
4229.982, 8297, 
4229.984, 8406, 
4229.986, 8507, 
4229.988, 8599, 
4229.99, 8683, 
4229.992, 8762, 
4229.994, 8835, 
4229.996, 8905, 
4229.998, 8969, 
4230.0, 9030, 
