36 falc_36z.dat
-5.367582e+00 1.320000e+08 6.713184e+03 4.268079e+00 1.067623e-01 0.000000e+00 8.083660e-12 0.000000e+00 4.433881e+05 0.000000e+00 7.853980e-01 1.047200e+00
-5.329991e+00 1.280000e+08 6.639042e+03 5.251655e+00 1.089415e-01 0.000000e+00 1.035635e-11 0.000000e+00 4.240322e+05 0.000000e+00 7.853980e-01 1.047200e+00
-5.293788e+00 1.240000e+08 6.563636e+03 6.480052e+00 1.109837e-01 0.000000e+00 1.291508e-11 0.000000e+00 4.044168e+05 0.000000e+00 7.853980e-01 1.047200e+00
-5.257760e+00 1.200000e+08 6.480257e+03 8.139528e+00 1.118930e-01 0.000000e+00 1.732616e-11 0.000000e+00 3.832500e+05 0.000000e+00 7.853980e-01 1.047200e+00
-5.221763e+00 1.160000e+08 6.396362e+03 1.023575e+01 1.127343e-01 0.000000e+00 2.185641e-11 0.000000e+00 3.619829e+05 0.000000e+00 7.853980e-01 1.047200e+00
-5.185826e+00 1.120000e+08 6.312310e+03 1.310880e+01 1.133027e-01 0.000000e+00 2.963199e-11 0.000000e+00 3.401184e+05 0.000000e+00 7.853980e-01 1.047200e+00
-5.149790e+00 1.080000e+08 6.228184e+03 1.692923e+01 1.137456e-01 0.000000e+00 3.889471e-11 0.000000e+00 3.179800e+05 0.000000e+00 7.853980e-01 1.047200e+00
-5.113018e+00 1.040000e+08 6.136226e+03 2.201606e+01 1.126333e-01 0.000000e+00 5.238202e-11 0.000000e+00 2.966022e+05 0.000000e+00 7.853980e-01 1.047200e+00
-5.076164e+00 1.000000e+08 6.033765e+03 2.890040e+01 1.094982e-01 0.000000e+00 7.153321e-11 0.000000e+00 2.762438e+05 0.000000e+00 7.853980e-01 1.047200e+00
-5.037290e+00 9.600000e+07 5.929022e+03 3.798094e+01 1.058326e-01 0.000000e+00 9.441381e-11 0.000000e+00 2.559364e+05 0.000000e+00 7.853980e-01 1.047200e+00
-4.997259e+00 9.200000e+07 5.817299e+03 5.009039e+01 1.004879e-01 0.000000e+00 1.286834e-10 0.000000e+00 2.357837e+05 0.000000e+00 7.853980e-01 1.047200e+00
-4.955162e+00 8.800000e+07 5.696337e+03 6.638945e+01 9.349320e-02 0.000000e+00 1.756839e-10 0.000000e+00 2.169893e+05 0.000000e+00 7.853980e-01 1.047200e+00
-4.909652e+00 8.400000e+07 5.562840e+03 8.861634e+01 8.476671e-02 0.000000e+00 2.402525e-10 0.000000e+00 1.994209e+05 0.000000e+00 7.853980e-01 1.047200e+00
-4.862958e+00 8.000000e+07 5.410282e+03 1.197113e+02 7.434447e-02 0.000000e+00 3.335399e-10 0.000000e+00 1.808550e+05 0.000000e+00 7.853980e-01 1.047200e+00
-4.811950e+00 7.600000e+07 5.235054e+03 1.632978e+02 6.368999e-02 0.000000e+00 4.796890e-10 0.000000e+00 1.615195e+05 0.000000e+00 7.853980e-01 1.047200e+00
-4.757920e+00 7.200000e+07 5.035342e+03 2.263007e+02 5.530936e-02 0.000000e+00 7.015188e-10 0.000000e+00 1.454890e+05 0.000000e+00 7.853980e-01 1.047200e+00
-4.699884e+00 6.800000e+07 4.839291e+03 3.195587e+02 5.306762e-02 0.000000e+00 1.038358e-09 0.000000e+00 1.313534e+05 0.000000e+00 7.853980e-01 1.047200e+00
-4.637485e+00 6.400000e+07 4.683433e+03 4.589397e+02 6.060380e-02 0.000000e+00 1.538928e-09 0.000000e+00 1.163521e+05 0.000000e+00 7.853980e-01 1.047200e+00
-4.568851e+00 6.000000e+07 4.579724e+03 6.640918e+02 7.854078e-02 0.000000e+00 2.276497e-09 0.000000e+00 1.021539e+05 0.000000e+00 7.853980e-01 1.047200e+00
-4.491312e+00 5.600000e+07 4.527367e+03 9.623835e+02 1.074674e-01 0.000000e+00 3.349699e-09 0.000000e+00 9.073512e+04 0.000000e+00 7.853980e-01 1.047200e+00
-4.396352e+00 5.200000e+07 4.504513e+03 1.407377e+03 1.509043e-01 0.000000e+00 4.919571e-09 0.000000e+00 8.068673e+04 0.000000e+00 7.853980e-01 1.047200e+00
-4.270319e+00 4.800000e+07 4.514584e+03 2.055992e+03 2.136430e-01 0.000000e+00 7.172391e-09 0.000000e+00 7.163472e+04 0.000000e+00 7.853980e-01 1.047200e+00
-4.098801e+00 4.400000e+07 4.548679e+03 2.994859e+03 3.055224e-01 0.000000e+00 1.042908e-08 0.000000e+00 6.430454e+04 0.000000e+00 7.853980e-01 1.047200e+00
-3.883067e+00 4.000000e+07 4.605596e+03 4.368047e+03 4.411992e-01 0.000000e+00 1.507979e-08 0.000000e+00 5.676214e+04 0.000000e+00 7.853980e-01 1.047200e+00
-3.629860e+00 3.600000e+07 4.669748e+03 6.337915e+03 6.358931e-01 0.000000e+00 2.155252e-08 0.000000e+00 5.309978e+04 0.000000e+00 7.853980e-01 1.047200e+00
-3.352763e+00 3.200000e+07 4.740827e+03 9.143693e+03 9.149289e-01 0.000000e+00 3.077016e-08 0.000000e+00 5.508021e+04 0.000000e+00 7.853980e-01 1.047200e+00
-3.062916e+00 2.800000e+07 4.818241e+03 1.312378e+04 1.312378e+00 0.000000e+00 4.336661e-08 0.000000e+00 5.936500e+04 0.000000e+00 7.853980e-01 1.047200e+00
-2.768340e+00 2.400000e+07 4.901917e+03 1.871865e+04 1.877503e+00 0.000000e+00 6.024759e-08 0.000000e+00 6.622664e+04 0.000000e+00 7.853980e-01 1.047200e+00
-2.477056e+00 2.000000e+07 4.994039e+03 2.645279e+04 2.690863e+00 0.000000e+00 8.292342e-08 0.000000e+00 8.065440e+04 0.000000e+00 7.853980e-01 1.047200e+00
-2.190361e+00 1.600000e+07 5.119032e+03 3.696095e+04 3.912277e+00 0.000000e+00 1.122301e-07 0.000000e+00 9.575914e+04 0.000000e+00 7.853980e-01 1.047200e+00
-1.908368e+00 1.200000e+07 5.303574e+03 5.093414e+04 5.908484e+00 0.000000e+00 1.482154e-07 0.000000e+00 1.117701e+05 0.000000e+00 7.853980e-01 1.047200e+00
-1.631340e+00 8.000000e+06 5.557254e+03 6.917353e+04 9.774959e+00 0.000000e+00 1.913433e-07 0.000000e+00 1.277720e+05 0.000000e+00 7.853980e-01 1.047200e+00
-1.360565e+00 4.000000e+06 5.932366e+03 9.215565e+04 2.072784e+01 0.000000e+00 2.372322e-07 0.000000e+00 1.436046e+05 0.000000e+00 7.853980e-01 1.047200e+00
-1.101954e+00 0.000000e+00 6.553214e+03 1.197783e+05 7.309466e+01 0.000000e+00 2.780962e-07 0.000000e+00 1.583113e+05 0.000000e+00 7.853980e-01 1.047200e+00
-8.504140e-01 -4.000000e+06 7.624998e+03 1.507500e+05 4.873141e+02 0.000000e+00 3.001706e-07 0.000000e+00 1.698111e+05 0.000000e+00 7.853980e-01 1.047200e+00
-6.024074e-01 -8.000000e+06 8.884137e+03 1.829719e+05 2.747857e+03 0.000000e+00 3.099559e-07 0.000000e+00 1.763635e+05 0.000000e+00 7.853980e-01 1.047200e+00
