70 FALC93_70.atmos
-8.0000000e+00 2.2194300e+08 1.0277000e+05 1.7852802e-01 9.3035626e-02 0.0000000e+00 0.0000000e+00 0.0000000e+00 1.1900000e+06 0.0000000e+00 5.0000000e-01 5.0000000e-01
-7.8695652e+00 2.2178800e+08 9.8790000e+04 1.7832259e-01 9.2840866e-02 0.0000000e+00 0.0000000e+00 0.0000000e+00 1.1800000e+06 0.0000000e+00 5.0000000e-01 5.0000000e-01
-7.7391304e+00 2.2164300e+08 9.4800000e+04 1.7797651e-01 9.2492568e-02 0.0000000e+00 0.0000000e+00 0.0000000e+00 1.1700000e+06 0.0000000e+00 5.0000000e-01 5.0000000e-01
-7.6086957e+00 2.2150800e+08 9.0816000e+04 1.7785498e-01 9.2239995e-02 0.0000000e+00 0.0000000e+00 0.0000000e+00 1.1600000e+06 0.0000000e+00 5.0000000e-01 5.0000000e-01
-7.4782609e+00 2.2129200e+08 8.3891000e+04 1.7728687e-01 9.1573738e-02 0.0000000e+00 0.0000000e+00 0.0000000e+00 1.1500000e+06 0.0000000e+00 5.0000000e-01 5.0000000e-01
-7.3478261e+00 2.2107500e+08 7.5934000e+04 1.7664535e-01 9.0747205e-02 0.0000000e+00 0.0000000e+00 0.0000000e+00 1.1300000e+06 0.0000000e+00 5.0000000e-01 5.0000000e-01
-7.2173913e+00 2.2096500e+08 7.1336000e+04 1.7630110e-01 9.0272855e-02 0.0000000e+00 0.0000000e+00 0.0000000e+00 1.1200000e+06 0.0000000e+00 5.0000000e-01 5.0000000e-01
-7.0869565e+00 2.2085300e+08 6.6145000e+04 1.7568490e-01 8.9637058e-02 0.0000000e+00 0.0000000e+00 0.0000000e+00 1.1000000e+06 0.0000000e+00 5.0000000e-01 5.0000000e-01
-6.9565217e+00 2.2074000e+08 6.0170000e+04 1.7500713e-01 8.8847022e-02 0.0000000e+00 0.0000000e+00 0.0000000e+00 1.0800000e+06 0.0000000e+00 5.0000000e-01 5.0000000e-01
-6.8260870e+00 2.2062700e+08 5.3284000e+04 1.7370225e-01 8.7502985e-02 0.0000000e+00 0.0000000e+00 0.0000000e+00 1.0600000e+06 0.0000000e+00 5.0000000e-01 5.0000000e-01
-6.6956522e+00 2.2057000e+08 4.9385000e+04 1.7339558e-01 8.7233664e-02 0.0000000e+00 0.0000000e+00 0.0000000e+00 1.0500000e+06 0.0000000e+00 5.0000000e-01 5.0000000e-01
-6.5652174e+00 2.2051800e+08 4.5416000e+04 1.7230170e-01 8.6490230e-02 0.0000000e+00 0.0000000e+00 0.0000000e+00 1.0300000e+06 0.0000000e+00 5.0000000e-01 5.0000000e-01
-6.4347826e+00 2.2046600e+08 4.1178000e+04 1.7164298e-01 8.5806716e-02 0.0000000e+00 0.0000000e+00 0.0000000e+00 1.0100000e+06 0.0000000e+00 5.0000000e-01 5.0000000e-01
-6.3043478e+00 2.2041300e+08 3.6594000e+04 1.6970885e-01 8.4334532e-02 0.0000000e+00 0.0000000e+00 0.0000000e+00 9.9300000e+05 0.0000000e+00 5.0000000e-01 5.0000000e-01
-6.1739130e+00 2.2036300e+08 3.2145000e+04 1.6864379e-01 8.3396988e-02 0.0000000e+00 0.0000000e+00 0.0000000e+00 9.7000000e+05 0.0000000e+00 5.0000000e-01 5.0000000e-01
-6.0434783e+00 2.2031600e+08 2.7972000e+04 1.6654557e-01 8.1834883e-02 0.0000000e+00 0.0000000e+00 0.0000000e+00 9.4700000e+05 0.0000000e+00 5.0000000e-01 5.0000000e-01
-5.9130435e+00 2.2027000e+08 2.4056000e+04 1.6414063e-01 8.0005445e-02 0.0000000e+00 0.0000000e+00 0.0000000e+00 9.2200000e+05 0.0000000e+00 5.0000000e-01 5.0000000e-01
-5.7826087e+00 2.2022200e+08 2.0416000e+04 1.6134732e-01 7.8042202e-02 0.0000000e+00 0.0000000e+00 0.0000000e+00 8.9500000e+05 0.0000000e+00 5.0000000e-01 5.0000000e-01
-5.6521739e+00 2.2018300e+08 1.7925000e+04 1.5904333e-01 7.6188420e-02 0.0000000e+00 0.0000000e+00 0.0000000e+00 8.7500000e+05 0.0000000e+00 5.0000000e-01 5.0000000e-01
-5.5217391e+00 2.2015600e+08 1.6500000e+04 1.5736803e-01 7.4913300e-02 0.0000000e+00 0.0000000e+00 0.0000000e+00 8.6200000e+05 0.0000000e+00 5.0000000e-01 5.0000000e-01
-5.3913043e+00 2.2011600e+08 1.5000000e+04 1.5527071e-01 7.3071000e-02 0.0000000e+00 0.0000000e+00 0.0000000e+00 8.4700000e+05 0.0000000e+00 5.0000000e-01 5.0000000e-01
-5.2608696e+00 2.2008400e+08 1.4250000e+04 1.5415001e-01 7.1777250e-02 0.0000000e+00 0.0000000e+00 0.0000000e+00 8.3800000e+05 0.0000000e+00 5.0000000e-01 5.0000000e-01
-5.1304348e+00 2.2001000e+08 1.3500000e+04 1.5267100e-01 6.9489900e-02 0.0000000e+00 0.0000000e+00 0.0000000e+00 8.2800000e+05 0.0000000e+00 5.0000000e-01 5.0000000e-01
-5.0000000e+00 2.1990000e+08 1.3000000e+04 1.5167195e-01 6.6736800e-02 0.0000000e+00 0.0000000e+00 0.0000000e+00 8.1900000e+05 0.0000000e+00 5.0000000e-01 5.0000000e-01
-4.8695652e+00 2.1900000e+08 1.2000000e+04 1.5021579e-01 5.8953600e-02 0.0000000e+00 0.0000000e+00 0.0000000e+00 7.9600000e+05 0.0000000e+00 5.0000000e-01 5.0000000e-01
-4.7391304e+00 2.1680000e+08 1.1150000e+04 1.5442398e-01 5.8624470e-02 0.0000000e+00 0.0000000e+00 0.0000000e+00 7.7800000e+05 0.0000000e+00 5.0000000e-01 5.0000000e-01
-4.6086957e+00 2.1400000e+08 1.0550000e+04 1.6160495e-01 5.9109540e-02 0.0000000e+00 0.0000000e+00 0.0000000e+00 7.6000000e+05 0.0000000e+00 5.0000000e-01 5.0000000e-01
-4.4782609e+00 2.1100000e+08 9.9000000e+03 1.7003730e-01 5.7926880e-02 0.0000000e+00 0.0000000e+00 0.0000000e+00 7.3800000e+05 0.0000000e+00 5.0000000e-01 5.0000000e-01
-4.3478261e+00 2.0870000e+08 9.4500000e+03 1.7713595e-01 5.6206710e-02 0.0000000e+00 0.0000000e+00 0.0000000e+00 7.2200000e+05 0.0000000e+00 5.0000000e-01 5.0000000e-01
-4.2173913e+00 2.0750000e+08 9.2000000e+03 1.8121005e-01 5.5100640e-02 0.0000000e+00 0.0000000e+00 0.0000000e+00 7.1300000e+05 0.0000000e+00 5.0000000e-01 5.0000000e-01
-4.0869565e+00 2.0620000e+08 8.9500000e+03 1.8577144e-01 5.3850360e-02 0.0000000e+00 0.0000000e+00 0.0000000e+00 7.0400000e+05 0.0000000e+00 5.0000000e-01 5.0000000e-01
-3.9565217e+00 2.0430000e+08 8.7000000e+03 1.9377688e-01 5.2466220e-02 0.0000000e+00 0.0000000e+00 0.0000000e+00 6.9200000e+05 0.0000000e+00 5.0000000e-01 5.0000000e-01
-3.8260870e+00 2.0170000e+08 8.4000000e+03 2.0632605e-01 5.0888880e-02 0.0000000e+00 0.0000000e+00 0.0000000e+00 6.7600000e+05 0.0000000e+00 5.0000000e-01 5.0000000e-01
-3.6956522e+00 1.9800000e+08 8.0500000e+03 2.2787896e-01 4.9101780e-02 0.0000000e+00 0.0000000e+00 0.0000000e+00 6.5500000e+05 0.0000000e+00 5.0000000e-01 5.0000000e-01
-3.5652174e+00 1.9150000e+08 7.6500000e+03 2.7890543e-01 4.7928780e-02 0.0000000e+00 0.0000000e+00 0.0000000e+00 6.2200000e+05 0.0000000e+00 5.0000000e-01 5.0000000e-01
-3.4347826e+00 1.8600000e+08 7.4500000e+03 3.3794681e-01 4.8320700e-02 0.0000000e+00 0.0000000e+00 0.0000000e+00 5.9700000e+05 0.0000000e+00 5.0000000e-01 5.0000000e-01
-3.3043478e+00 1.7750000e+08 7.2500000e+03 4.6870430e-01 5.0825400e-02 0.0000000e+00 0.0000000e+00 0.0000000e+00 5.6100000e+05 0.0000000e+00 5.0000000e-01 5.0000000e-01
-3.1739130e+00 1.6700000e+08 7.0500000e+03 7.2985021e-01 5.5844460e-02 0.0000000e+00 0.0000000e+00 0.0000000e+00 5.2100000e+05 0.0000000e+00 5.0000000e-01 5.0000000e-01
-3.0434783e+00 1.5800000e+08 6.9000000e+03 1.0967060e+00 6.0179040e-02 0.0000000e+00 0.0000000e+00 0.0000000e+00 4.8800000e+05 0.0000000e+00 5.0000000e-01 5.0000000e-01
-2.9130435e+00 1.4750000e+08 6.7200000e+03 1.8289302e+00 6.5286144e-02 0.0000000e+00 0.0000000e+00 0.0000000e+00 4.5200000e+05 0.0000000e+00 5.0000000e-01 5.0000000e-01
-2.7826087e+00 1.3780000e+08 6.5600000e+03 3.0253192e+00 7.1155008e-02 0.0000000e+00 0.0000000e+00 0.0000000e+00 4.2000000e+05 0.0000000e+00 5.0000000e-01 5.0000000e-01
-2.6521739e+00 1.2780000e+08 6.3900000e+03 5.3009994e+00 7.7247432e-02 0.0000000e+00 0.0000000e+00 0.0000000e+00 3.8600000e+05 0.0000000e+00 5.0000000e-01 5.0000000e-01
-2.5217391e+00 1.1800000e+08 6.2300000e+03 9.5555804e+00 8.4254520e-02 0.0000000e+00 0.0000000e+00 0.0000000e+00 3.5000000e+05 0.0000000e+00 5.0000000e-01 5.0000000e-01
-2.3913043e+00 1.0650000e+08 6.0400000e+03 1.9900707e+01 9.1687200e-02 0.0000000e+00 0.0000000e+00 0.0000000e+00 3.0300000e+05 0.0000000e+00 5.0000000e-01 5.0000000e-01
-2.2608696e+00 9.8000000e+07 5.9000000e+03 3.5302898e+01 9.6075600e-02 0.0000000e+00 0.0000000e+00 0.0000000e+00 2.6400000e+05 0.0000000e+00 5.0000000e-01 5.0000000e-01
-2.1304348e+00 9.0500000e+07 5.7550000e+03 5.9512707e+01 9.7685370e-02 0.0000000e+00 0.0000000e+00 0.0000000e+00 2.3000000e+05 0.0000000e+00 5.0000000e-01 5.0000000e-01
-2.0000000e+00 8.5500000e+07 5.6500000e+03 8.5271033e+01 9.6682800e-02 0.0000000e+00 0.0000000e+00 0.0000000e+00 2.0600000e+05 0.0000000e+00 5.0000000e-01 5.0000000e-01
-1.8695652e+00 8.0500000e+07 5.4900000e+03 1.2349353e+02 8.1822960e-02 0.0000000e+00 0.0000000e+00 0.0000000e+00 1.8200000e+05 0.0000000e+00 5.0000000e-01 5.0000000e-01
-1.7391304e+00 7.5500000e+07 5.2800000e+03 1.8205951e+02 6.8565024e-02 0.0000000e+00 0.0000000e+00 0.0000000e+00 1.5700000e+05 0.0000000e+00 5.0000000e-01 5.0000000e-01
-1.6086957e+00 7.0500000e+07 5.0300000e+03 2.7190935e+02 5.7474792e-02 0.0000000e+00 0.0000000e+00 0.0000000e+00 1.3300000e+05 0.0000000e+00 5.0000000e-01 5.0000000e-01
-1.4782609e+00 6.5000000e+07 4.7500000e+03 4.3486208e+02 5.9191650e-02 0.0000000e+00 0.0000000e+00 0.0000000e+00 1.0700000e+05 0.0000000e+00 5.0000000e-01 5.0000000e-01
-1.3478261e+00 6.0000000e+07 4.5500000e+03 6.8317530e+02 7.9115400e-02 0.0000000e+00 0.0000000e+00 0.0000000e+00 8.6500000e+04 0.0000000e+00 5.0000000e-01 5.0000000e-01
-1.2173913e+00 5.6000000e+07 4.4300000e+03 9.9537172e+02 1.0820718e-01 0.0000000e+00 0.0000000e+00 0.0000000e+00 7.2500000e+04 0.0000000e+00 5.0000000e-01 5.0000000e-01
-1.0869565e+00 5.2500000e+07 4.4000000e+03 1.3894217e+03 1.4633520e-01 0.0000000e+00 0.0000000e+00 0.0000000e+00 6.2800000e+04 0.0000000e+00 5.0000000e-01 5.0000000e-01
-9.5652174e-01 4.9000000e+07 4.4100000e+03 1.9415717e+03 1.9961424e-01 0.0000000e+00 0.0000000e+00 0.0000000e+00 5.5500000e+04 0.0000000e+00 5.0000000e-01 5.0000000e-01
-8.2608696e-01 4.5000000e+07 4.4600000e+03 2.8370367e+03 2.8681368e-01 0.0000000e+00 0.0000000e+00 0.0000000e+00 5.0100000e+04 0.0000000e+00 5.0000000e-01 5.0000000e-01
-6.9565217e-01 4.0000000e+07 4.5600000e+03 4.5275006e+03 4.5559872e-01 0.0000000e+00 0.0000000e+00 0.0000000e+00 4.7700000e+04 0.0000000e+00 5.0000000e-01 5.0000000e-01
-5.6521739e-01 3.5000000e+07 4.6600000e+03 7.1453476e+03 7.2024960e-01 0.0000000e+00 0.0000000e+00 0.0000000e+00 5.0100000e+04 0.0000000e+00 5.0000000e-01 5.0000000e-01
-4.3478261e-01 3.0000000e+07 4.7700000e+03 1.1152067e+04 1.1256246e+00 0.0000000e+00 0.0000000e+00 0.0000000e+00 6.2700000e+04 0.0000000e+00 5.0000000e-01 5.0000000e-01
-3.0434783e-01 2.5000000e+07 4.8800000e+03 1.7262055e+04 1.7509440e+00 0.0000000e+00 0.0000000e+00 0.0000000e+00 8.6700000e+04 0.0000000e+00 5.0000000e-01 5.0000000e-01
-1.7391304e-01 2.0000000e+07 4.9900000e+03 2.6287415e+04 2.7062766e+00 0.0000000e+00 0.0000000e+00 0.0000000e+00 1.1700000e+05 0.0000000e+00 5.0000000e-01 5.0000000e-01
-4.3478261e-02 1.5000000e+07 5.1500000e+03 3.9483929e+04 4.2926280e+00 0.0000000e+00 0.0000000e+00 0.0000000e+00 1.4800000e+05 0.0000000e+00 5.0000000e-01 5.0000000e-01
8.6956522e-02 1.0000000e+07 5.4100000e+03 5.8316431e+04 7.3836762e+00 0.0000000e+00 0.0000000e+00 0.0000000e+00 1.7500000e+05 0.0000000e+00 5.0000000e-01 5.0000000e-01
2.1739130e-01 5.0000000e+06 5.7900000e+03 8.3959375e+04 1.5740694e+01 0.0000000e+00 0.0000000e+00 0.0000000e+00 1.9700000e+05 0.0000000e+00 5.0000000e-01 5.0000000e-01
3.4782609e-01 0.0000000e+00 6.5200000e+03 1.1691734e+05 6.9101568e+01 0.0000000e+00 0.0000000e+00 0.0000000e+00 2.0000000e+05 0.0000000e+00 5.0000000e-01 5.0000000e-01
4.7826087e-01 -2.0000000e+06 6.9800000e+03 1.3171471e+05 1.6664052e+02 0.0000000e+00 0.0000000e+00 0.0000000e+00 2.0000000e+05 0.0000000e+00 5.0000000e-01 5.0000000e-01
6.0869565e-01 -4.0000000e+06 7.5900000e+03 1.4843575e+05 4.6924416e+02 0.0000000e+00 0.0000000e+00 0.0000000e+00 2.0000000e+05 0.0000000e+00 5.0000000e-01 5.0000000e-01
7.3913043e-01 -6.0000000e+06 8.2200000e+03 1.6467767e+05 1.1910780e+03 0.0000000e+00 0.0000000e+00 0.0000000e+00 2.0000000e+05 0.0000000e+00 5.0000000e-01 5.0000000e-01
8.6956522e-01 -8.0000000e+06 8.8600000e+03 1.8047846e+05 2.7021228e+03 0.0000000e+00 0.0000000e+00 0.0000000e+00 2.0000000e+05 0.0000000e+00 5.0000000e-01 5.0000000e-01
1.0000000e+00 -1.0000000e+07 9.4000000e+03 1.9741434e+05 5.0201640e+03 0.0000000e+00 0.0000000e+00 0.0000000e+00 2.0000000e+05 0.0000000e+00 5.0000000e-01 5.0000000e-01
